# logM_cut, logM_1, sigma, alpha, kappa, s, B_cen, B_sat
12.79940,13.46381,-1.94482,0.86333,0.24676,0.61212,0.60019,-0.93454
12.88144,14.08641,-2.13427,0.92951,0.86188,0.17727,0.93106,0.81664
12.64055,13.38668,-1.63228,1.39779,0.56980,-0.90184,-0.99462,-0.93584
12.64121,14.16108,-2.06471,1.08291,0.13977,-0.91449,0.74903,0.67091
13.09750,14.30526,-2.11633,1.03327,0.18326,-0.68695,0.28241,-0.38768
13.25048,13.93822,-1.29996,1.37915,0.63729,0.84931,-0.23629,0.06710
12.55179,14.33861,-2.18130,0.71578,0.57064,-0.00507,-0.66250,-0.65980
13.22429,13.72819,-1.65355,1.07623,0.47118,-0.49595,0.69197,0.59544
12.48416,14.13746,-2.15906,1.38730,1.06973,0.86580,0.47904,-0.21822
12.64405,13.77646,-2.01619,0.87854,1.17539,-0.16979,0.32357,-0.17910
12.81679,13.24211,-2.03050,1.21451,0.66858,0.79710,-0.53993,0.91690
12.44777,13.88839,-1.18326,0.86120,0.12661,0.05490,0.63447,0.12766
12.49982,13.65398,-1.04013,1.10703,1.12988,-0.06597,0.32978,-0.03439
13.13766,13.25425,-2.05154,0.73380,0.95689,-0.51669,-0.43390,0.99555
12.81964,13.99267,-2.99256,0.79484,0.80517,0.41693,0.40407,-0.32321
13.08650,13.51731,-1.16519,0.70618,0.66135,0.82411,0.04292,-0.18545
12.94607,13.24515,-1.85505,1.08622,0.48261,-0.30689,-0.75680,0.99065
12.72548,14.05198,-0.96621,1.47621,0.67552,0.79936,0.33954,0.13045
13.28543,13.64013,-2.85528,1.17000,1.41345,-0.03160,-0.62731,0.56132
12.84878,13.51170,-1.52394,1.11462,0.57726,-0.82756,-0.56947,-0.89513
12.85033,13.75646,-1.92057,1.48741,0.18647,-0.61075,-0.22259,-0.59475
12.61701,13.88337,-0.12680,0.86687,1.39244,0.51634,0.36255,-0.25074
13.14609,14.23764,-1.78861,1.00952,0.36171,-0.95162,-0.88322,0.87194
12.77667,13.53770,-0.54163,0.88763,1.07532,0.42934,-0.80525,-0.67591
12.74828,13.96677,-1.45827,1.45813,0.01449,-0.59325,-0.66755,-0.31585
13.22939,13.35696,-2.57479,1.49153,0.85350,-0.55602,-0.66826,0.37335
13.14750,13.77840,-1.10465,1.37992,0.15301,0.47234,-0.79026,-0.01056
12.53816,13.43452,-1.32432,1.09989,1.04232,0.60572,0.43814,-0.93692
12.68639,13.46105,-2.21736,1.17748,0.86781,0.09315,0.50759,-0.63109
13.15775,13.50275,-2.65681,0.76954,1.16682,0.09291,0.58641,0.62691
12.90841,13.60831,-1.28169,1.28455,0.85476,0.47961,-0.15970,0.10492
12.47954,13.29050,-1.79861,1.10698,1.00486,-0.76540,0.80156,-0.32648
12.43396,14.29651,-2.40599,0.88966,0.87082,0.95207,-0.32784,-0.16743
13.11668,14.23046,-0.25237,1.04836,0.15734,0.90124,-0.22494,-0.79300
12.88545,13.32983,-2.90803,1.41661,0.51449,-0.42505,-0.81829,0.20013
12.41951,14.38759,-2.91162,1.13471,1.42932,-0.97645,-0.33848,0.61451
12.42520,14.04571,-2.41040,1.21906,0.58783,-0.41406,-0.56819,0.64690
13.14888,14.32210,-1.94768,0.78447,0.50249,0.99353,0.57113,-0.35143
13.26808,13.30515,-0.32025,0.77844,0.78158,0.06597,0.55552,-0.40351
12.70724,13.71802,-2.10361,1.22801,0.03761,0.34760,0.11168,0.55736
12.50003,14.36840,-1.72514,1.00075,0.48696,-0.40511,-0.21436,-0.18655
12.69128,13.20458,-2.86896,1.14090,1.14632,-0.46870,0.24431,0.58456
12.41931,13.41170,-0.05529,0.85605,1.40550,0.90322,-0.23873,-0.71442
13.22198,13.32997,-2.06743,0.74708,1.31822,-0.11107,-0.04286,0.82850
13.01371,14.25364,-2.90931,0.81562,0.79863,-0.84207,0.92298,-0.91808
12.78855,13.69461,-1.09352,1.46994,1.46814,0.22553,-0.56739,0.78760
12.94388,14.39988,-1.26467,1.09822,0.26000,-0.73928,0.81503,-0.53766
12.98688,14.30322,-2.14380,1.06522,0.94935,0.37476,-0.28410,-0.65270
12.61485,13.68991,-2.93217,0.86074,0.21942,0.77334,0.39956,0.65233
12.99816,13.63462,-0.29232,1.07771,0.91482,0.52979,-0.63159,0.53244
12.66459,13.38934,-0.23369,0.70108,1.19929,0.12858,0.84926,0.51967
12.69271,13.74679,-0.20518,1.49795,0.70017,0.04275,0.11713,-0.40956
13.21763,13.89592,-1.18930,1.06467,1.17762,0.61636,0.48136,-0.55194
12.81783,13.91430,-1.65102,1.32193,0.25849,-0.68396,-0.62552,0.92000
12.77158,13.61214,-2.23539,0.76242,0.75146,0.42572,0.59141,0.77527
12.72394,13.68826,-2.09492,1.21814,0.79105,-0.40134,-0.46867,-0.89986
12.82533,13.95885,-2.49471,1.25749,0.18026,-0.06333,0.79995,0.49377
13.27869,13.69479,-0.12481,0.77226,0.62802,-0.88490,0.72094,0.00759
12.93636,14.26589,-1.73872,0.97218,0.63134,0.95134,-0.68912,0.79895
12.63804,13.29329,-2.77418,0.78708,0.00592,-0.90432,-0.50272,0.85319
13.17328,13.42854,-2.37737,1.28272,0.95032,0.53164,0.20259,-0.76614
12.72363,14.10916,-1.53101,0.83806,0.44139,0.54882,0.81639,0.28073
13.22010,13.32804,-2.68033,1.38212,0.56249,0.90318,-0.78107,0.04833
12.64729,13.70411,-1.75792,0.71285,0.97921,0.09974,-0.16618,-0.84659
12.61461,14.10267,-1.42368,1.05212,0.99513,0.70688,-0.60564,-0.85284
12.51601,13.88985,-2.59020,1.33842,0.81237,-0.27133,0.97953,0.16673
13.13136,14.22592,-0.91969,1.08795,0.54831,0.05289,0.85480,-0.05578
12.87977,13.74982,-2.69573,0.91237,0.03871,-0.83686,0.01623,0.22667
12.54898,14.16987,-1.83559,1.42388,1.17324,-0.52846,-0.61275,0.97895
12.81748,13.29171,-1.21084,1.28486,0.79086,-0.22052,-0.12627,-0.15846
13.24932,13.37451,-2.46669,1.40434,0.19990,-0.59085,0.03365,0.56660
13.28757,14.11632,-1.36192,0.76060,0.58659,0.87922,0.03661,0.45687
12.65765,14.23487,-2.28859,1.37529,1.08309,-0.27809,0.22368,0.14513
13.01130,13.85800,-2.67029,1.37084,0.54274,-0.13121,0.05703,0.87189
12.58545,13.81814,-1.80855,0.72074,0.67998,0.02450,-0.24714,-0.28879
12.82496,14.23604,-2.42386,0.81937,0.44054,-0.18787,0.70727,0.91477
13.01521,13.36887,-1.07944,1.13685,0.87533,0.88355,0.69236,0.70011
12.62228,14.02205,-2.34801,0.97656,1.22689,-0.82295,0.28102,0.66468
12.76820,13.85219,-0.12935,1.21806,0.03289,0.91426,-0.56752,0.70870
12.55838,13.99809,-0.50621,0.76340,0.86718,0.05352,-0.72683,-0.68768
12.93377,13.39929,-1.05548,0.78157,1.24020,-0.51055,-0.80702,0.86021
12.91190,13.69524,-0.02916,1.01177,0.17213,-0.09009,-0.27908,-0.34932
12.99095,13.71053,-2.31011,0.95656,0.03719,-0.70206,0.06279,0.26307
12.72891,14.12267,-1.63079,0.92260,0.62636,-0.62649,-0.23631,-0.83750
13.29426,13.45210,-1.59132,1.04132,1.21563,-0.15142,0.45060,-0.19625
12.52545,13.99708,-2.62957,1.18710,1.46483,0.38601,0.55298,-0.60334
12.98490,14.20151,-2.37846,0.89283,1.04219,0.49059,-0.19376,0.92880
12.45079,13.68559,-1.52820,1.35281,0.01165,0.85657,0.72109,0.11496
12.70189,14.23445,-2.68094,1.28621,1.35752,-0.44336,0.00629,-0.78618
12.83175,14.34156,-0.71451,1.34213,0.82899,0.89485,-0.56921,-0.62361
12.78013,13.90810,-1.95715,1.45231,0.48366,0.63981,-0.51008,0.08062
13.26819,14.10894,-1.30619,1.45824,0.79162,0.57532,-0.22177,-0.58911
12.58257,14.35261,-2.93360,0.78618,1.17582,0.32661,0.79608,0.51584
12.97130,14.03492,-2.02163,1.08408,0.07396,0.88544,0.84317,0.55000
12.69826,13.87012,-2.36827,1.11753,0.70713,-0.10003,0.02333,-0.31396
12.71759,13.31139,-0.39160,1.35538,1.32038,0.15222,0.26488,0.35250
12.95651,13.59316,-0.56797,0.88512,1.39379,0.41724,0.47442,-0.11492
12.64843,14.08220,-1.11696,0.77055,0.32719,-0.90069,0.96316,-0.47087
12.87019,14.29678,-1.04704,1.42656,0.92330,0.20481,-0.54627,-0.34988
12.99189,14.19717,-2.41953,1.21866,1.46077,0.65698,-0.28214,0.86571
12.55860,13.61819,-1.10301,1.03977,0.18031,-0.94600,0.46606,0.05950
12.98076,13.38269,-0.33097,1.34592,0.74128,0.37142,0.39680,-0.63387
12.85365,13.79077,-2.39529,1.10438,0.37388,-0.75058,-0.90533,-0.81223
13.20524,14.38689,-2.78169,1.02959,0.82104,-0.38158,0.79285,0.08692
12.53063,13.20671,-0.66379,0.78600,0.38484,-0.80159,0.97988,0.77108
12.57172,13.61609,-1.00196,0.73390,0.15890,-0.13585,0.79262,-0.88987
12.62958,14.14655,-2.29880,1.13215,0.37489,-0.81745,0.58120,0.18502
12.85326,13.21264,-1.59942,0.79837,0.32864,-0.74189,-0.84850,0.68321
12.43619,13.68168,-1.73188,1.45149,0.06773,0.65664,0.83216,0.84916
13.14642,13.67934,-2.63877,1.42802,0.96532,0.60550,0.17456,-0.69823
12.42294,13.46780,-2.78483,1.02383,0.47699,0.15092,-0.67001,-0.74623
12.62727,13.42934,-0.73437,0.83045,0.13452,-0.28660,-0.88459,-0.25096
12.94444,13.63624,-0.14869,0.95942,0.34558,0.38288,-0.98037,-0.00447
12.75594,13.76541,-1.23753,1.03374,0.96929,0.47636,0.63251,-0.52471
13.16285,14.24382,-1.30148,1.09215,1.24675,0.39364,-0.51369,-0.85571
12.60214,13.60920,-2.47721,0.91351,0.33760,-0.88549,0.87811,0.85482
13.01625,13.38116,-2.67328,0.86791,1.41134,0.17520,-0.80027,-0.17283
12.71523,13.77967,-0.49670,0.71007,0.01961,-0.87682,-0.69493,-0.08727
12.84507,14.11262,-1.23242,1.11972,1.19229,0.25539,0.44694,-0.86422
13.25508,13.95834,-1.28926,1.05680,0.36270,-0.19544,0.67084,0.80915
12.50002,13.69890,-1.86844,0.73827,0.92907,0.01760,0.18630,0.31766
12.45466,13.49048,-2.76155,0.90983,1.35742,0.68342,0.18729,-0.01740
12.41246,13.91480,-1.99564,0.91066,0.95229,-0.39221,-0.81510,-0.38870
12.54059,14.35757,-1.30044,1.11267,0.28501,0.28651,-0.04557,0.97536
12.83145,13.77716,-1.09139,1.39204,1.11477,-0.10347,0.75352,-0.34413
13.26584,13.56461,-2.82122,1.36510,1.35658,-0.73531,-0.59175,-0.44066
12.80145,14.12614,-1.17099,0.97778,0.18116,-0.68549,0.82263,-0.91988
12.51316,13.92264,-2.59334,1.23422,0.89723,-0.39337,0.66741,0.44765
12.44482,13.67627,-1.18771,1.34418,1.15616,-0.04301,-0.44603,-0.54047
12.59911,13.86868,-0.73606,0.83572,0.53959,-0.83672,0.56888,0.09850
12.70534,13.85059,-0.78788,1.11290,1.17036,-0.16968,0.42900,0.39938
13.21568,13.54051,-0.23376,0.84890,0.48187,0.49082,0.03310,-0.73958
12.65932,14.07141,-2.99348,1.18496,1.02448,-0.22875,0.98957,-0.64678
12.64701,13.45230,-0.64741,0.87506,0.72353,-0.91968,0.02296,-0.33850
13.13580,13.89837,-2.90368,0.98566,1.34616,0.94196,-0.39579,0.82583
12.99160,13.54737,-1.23627,1.32944,1.38195,-0.16836,0.96642,0.90974
12.98413,14.34271,-0.48811,0.97777,0.25305,-0.77110,0.22509,-0.37262
12.80969,13.91059,-0.32759,1.31346,0.65954,0.82064,0.44753,0.19594
13.21620,14.33957,-2.95385,1.29362,0.70308,-0.65131,-0.95879,-0.26532
12.64178,14.14839,-0.85638,1.41851,0.37751,0.88840,0.97947,0.46425
12.47602,14.37376,-0.13343,0.74420,0.42961,0.97037,0.66034,-0.21087
13.17105,14.21728,-0.51566,1.47427,0.46583,-0.48444,-0.52996,0.09734
12.94240,14.04281,-2.23765,1.12077,0.61288,0.09400,-0.40542,-0.43665
12.86394,14.31332,-2.11758,1.46318,0.40833,0.69822,0.75493,-0.14533
12.75771,14.20918,-2.45725,1.31046,0.80763,-0.72003,-0.53736,0.02723
13.22644,13.96556,-2.68849,1.44464,0.00199,-0.99189,0.35025,0.05323
12.81692,13.76789,-1.88429,1.14753,0.53809,0.66448,0.05957,0.12340
13.04499,14.24736,-2.23552,1.37889,1.13766,-0.01430,0.31876,-0.95089
12.96798,14.14779,-2.44954,0.70698,0.11397,-0.63150,0.53761,-0.11658
12.79371,13.47004,-1.78415,0.99204,0.01784,0.92699,-0.05026,0.86036
12.53945,13.44000,-0.09801,0.80807,0.19078,0.68104,0.32587,-0.07471
13.07774,14.27724,-2.83446,1.49069,0.19030,0.68084,-0.94217,0.52868
13.25011,13.79545,-0.89507,1.38450,0.51873,-0.88833,-0.41688,-0.66763
12.92015,13.73747,-0.45569,1.30142,0.35848,-0.43881,0.77292,0.66853
13.25382,13.53338,-0.81657,1.00386,0.29713,-0.87521,-0.10333,-0.99748
13.19110,13.75399,-1.24097,1.21611,1.44111,0.46163,0.46652,0.87213
12.90522,14.23610,-1.51787,0.87568,1.17146,-0.57421,-0.09627,0.79162
13.11449,13.86253,-1.41409,1.17267,1.01429,-0.58324,-0.74716,-0.97795
12.43616,14.08290,-1.21000,0.89702,1.40868,-0.44383,-0.08146,-0.71173
12.55738,13.32652,-0.04541,0.96777,0.58147,-0.51704,0.87791,0.97410
12.44304,14.16256,-2.57552,1.00841,1.26709,0.33493,-0.96141,-0.20638
12.83360,14.23616,-1.22640,0.83249,1.16107,0.72207,0.76426,-0.19336
12.81915,13.39106,-2.84967,1.03712,1.49134,0.23989,-0.78174,-0.35541
13.08600,13.69709,-0.52907,0.92455,1.33970,0.32801,-0.76414,0.36844
13.01362,13.31717,-0.28214,0.75363,0.73289,0.83105,-0.82742,0.89023
12.47102,14.12846,-0.75571,1.39808,0.43630,-0.69207,-0.71534,0.17189
12.46858,13.73776,-1.36424,1.43009,1.45396,-0.64541,-0.63481,0.98284
12.70759,13.94504,-2.20281,1.05083,0.84716,0.30726,0.21605,-0.50305
12.45957,13.43928,-2.37576,1.27192,1.20017,-0.95147,-0.72640,0.33103
13.13629,13.31769,-1.70337,1.39626,0.94539,0.43486,-0.44147,0.12197
13.04990,13.70861,-1.48764,0.93118,0.52771,-0.22802,0.33867,0.11672
12.81370,14.26757,-0.33465,1.38738,0.81945,0.32524,0.38339,-0.87271
13.17088,13.78905,-2.06459,0.91974,0.38545,-0.70984,-0.24232,-0.30322
12.99669,13.20707,-2.14501,1.10899,1.19863,0.21356,0.75232,0.58333
13.26737,13.22747,-0.86825,0.83919,1.12453,-0.97072,0.55540,0.63754
13.20744,13.70683,-2.73395,0.83245,0.38694,-0.13082,0.46630,-0.46177
13.21616,13.77534,-2.74874,1.14237,0.66526,-0.80233,-0.65819,0.80129
12.54227,14.21424,-0.80945,0.91299,1.46477,-0.94828,-0.63821,0.12322
12.79159,13.22013,-0.50542,1.25276,1.48464,0.88601,0.87989,0.13609
13.14075,13.73689,-2.77963,1.16952,1.18701,0.23397,-0.19847,0.46284
12.54261,14.32642,-0.94246,0.72794,0.75188,-0.22090,0.23843,-0.04935
12.70363,14.24791,-2.15276,1.34816,1.21181,0.24264,0.23423,0.29099
13.19169,13.37478,-2.70641,0.73522,0.89576,0.14240,0.56768,-0.18202
12.75347,13.22515,-0.76785,0.98802,0.94177,0.45125,0.16222,-0.97777
12.59648,13.56786,-2.55466,0.85130,1.18413,-0.10656,-0.73869,0.25832
12.73830,14.00261,-1.34271,0.87571,0.08563,0.39312,-0.43082,-0.89602
12.76180,13.60031,-0.38877,1.05906,1.49318,0.33688,-0.09889,-0.54055
13.21013,13.56717,-2.90235,0.86561,0.56123,0.67797,-0.37407,0.90925
12.94440,13.98251,-0.06026,0.86099,0.72533,-0.61197,-0.45755,-0.84691
13.06627,13.48646,-1.88479,1.47981,0.48699,-0.12809,-0.94972,0.32695
12.78240,13.24339,-2.13197,0.79218,0.46324,0.81992,0.15760,0.07232
12.56496,14.32064,-1.09026,1.24173,0.58852,-0.83884,-0.70828,-0.33010
13.02977,13.43209,-2.67080,0.90259,0.36613,-0.55159,0.38962,-0.40886
12.53863,14.00970,-1.25724,1.26043,0.60687,-0.39033,-0.22704,-0.69842
13.04600,14.14701,-1.25830,1.01157,0.12371,-0.25689,0.62241,0.67341
12.85195,14.33537,-0.98151,0.89894,0.05999,0.01176,-0.23968,-0.88496
12.90370,13.91208,-0.18001,0.95272,1.47277,0.90685,-0.23496,0.26666
12.41370,13.21292,-1.64924,1.42392,1.46737,0.15527,-0.97596,0.86402
13.00129,13.21497,-1.87347,0.86673,0.95458,0.42996,0.22281,0.87089
12.75878,14.01818,-0.67271,1.48434,0.49048,0.03831,-0.45630,-0.20002
13.04307,13.89321,-2.78766,1.39788,1.30238,-0.62151,-0.08560,-0.53889
13.02774,13.65985,-2.71694,0.97660,1.18056,-0.12699,0.59256,-0.13734
13.27026,13.67842,-2.61299,0.79573,1.12721,0.64668,0.80985,-0.39806
13.21844,13.32249,-2.89580,1.26372,0.63012,0.23957,-0.11583,0.81562
12.96484,13.70123,-2.78123,0.97041,0.43566,-0.04793,0.70311,-0.99373
12.71609,13.27127,-0.54424,1.32064,1.25892,0.42062,-0.40839,0.82198
12.43444,13.39843,-1.30927,1.16410,0.12447,0.03721,-0.04166,-0.02834
13.21544,13.24022,-0.08129,1.28300,0.54637,-0.70978,0.84474,-0.49687
13.06364,13.54204,-0.00528,0.95756,0.47738,-0.36186,0.91496,-0.45446
12.91630,13.70785,-1.04898,0.88954,0.07265,0.41856,0.64954,-0.73851
13.26088,14.36296,-2.51698,1.04327,1.29062,0.78638,0.38900,0.32571
12.51203,13.90828,-0.76020,1.26075,1.39912,-0.20725,-0.84027,0.48189
12.80205,13.81132,-2.34871,1.46846,0.36156,0.82504,-0.67775,-0.61230
12.88166,14.33675,-2.19211,1.23533,1.39046,0.63059,-0.62686,-0.14301
13.18773,13.77508,-2.80105,0.97695,1.24507,-0.08619,-0.10948,0.87932
13.11376,13.54891,-2.14600,0.88546,0.17073,-0.87659,-0.99091,-0.92167
12.73381,14.31257,-0.96377,1.25300,0.05823,-0.42459,0.37811,0.16437
12.93643,13.67253,-0.32635,0.96201,1.26444,0.40586,0.91484,0.48037
12.80179,13.83140,-0.75876,1.49657,0.75095,0.92602,0.72595,0.13447
13.06646,14.07868,-2.07360,1.45218,0.37882,0.07751,-0.94329,-0.51318
12.74752,13.21772,-2.44159,1.26408,0.14755,-0.96832,0.96173,-0.80329
12.91269,14.30069,-0.12742,1.39212,0.12325,0.88630,-0.78494,-0.58762
12.63248,13.54242,-1.47058,1.29786,0.93610,0.13502,-0.14149,-0.32022
12.65898,13.39857,-2.81101,1.28401,0.30282,-0.16006,0.94958,-0.73436
12.87132,13.42286,-1.87601,1.26737,0.94306,-0.11090,0.39845,-0.61179
12.59924,13.94636,-0.03962,1.35645,0.58445,-0.78675,-0.91015,0.33809
12.54849,14.18416,-1.81368,1.05749,0.80566,0.79124,0.72703,-0.14058
12.69800,14.12006,-1.27112,1.24749,1.17183,0.26886,0.31006,-0.72342
13.19152,14.17884,-0.82927,1.29141,0.09145,0.86090,0.66936,-0.42044
12.89065,13.90989,-0.99494,1.22844,0.92711,0.36995,-0.67938,0.25328
12.93595,13.25977,-1.42122,1.31986,0.91026,-0.01340,-0.43058,-0.81109
12.77549,14.22557,-0.30017,1.24899,0.16824,0.49961,0.70703,0.64021
12.92513,13.90844,-2.01712,1.40982,0.52301,0.22566,-0.90323,0.59857
13.26896,13.71554,-1.21515,1.20824,1.11628,-0.91247,0.33965,0.28703
12.65233,14.18962,-2.28113,1.36030,0.25214,-0.62916,-0.90347,0.53990
12.80316,13.49693,-0.51420,0.70730,1.34383,0.47919,-0.96813,-0.35100
12.48358,14.26345,-2.77717,1.07490,1.09695,0.29699,-0.08636,-0.92144
12.56524,13.50632,-1.88476,1.31455,0.24178,-0.58960,-0.25451,-0.04845
12.69955,13.65457,-1.02959,1.09887,0.31090,-0.41301,0.36092,0.07370
12.58771,14.16527,-0.67178,1.24671,0.47281,0.05897,-0.80173,-0.68712
12.93926,13.70728,-2.74349,1.41996,0.57184,-0.08778,-0.00822,0.59694
13.15279,14.34630,-2.61310,1.49249,1.28391,0.18558,0.09741,-0.86617
12.42880,13.92692,-2.76383,1.33816,1.20035,-0.20097,0.45945,0.65562
13.18236,14.39919,-2.73559,1.21372,0.82383,-0.37688,0.38189,-0.04535
12.68680,14.36599,-0.56937,1.37699,1.05757,-0.42277,-0.94913,0.45020
12.53971,13.38552,-2.94607,1.31022,1.12086,0.01567,-0.04765,-0.56238
12.69318,13.78867,-2.48071,0.81526,1.10128,-0.84249,-0.25200,0.10263
12.91199,13.59506,-2.02957,0.90485,0.85055,0.88320,-0.65367,0.30327
12.73077,13.23893,-2.98884,1.22653,1.37975,-0.24693,-0.93666,-0.77434
12.58453,13.49802,-0.62255,1.23955,0.12708,0.23042,0.76972,0.83969
12.69770,13.53450,-2.89302,0.86616,0.51824,0.26521,0.73050,-0.12073
13.26148,13.31213,-0.57115,1.16485,0.70870,-0.24400,0.03263,-0.94651
13.10119,14.14939,-0.46260,1.04776,0.57907,0.95770,-0.75992,0.52534
12.61344,14.26825,-1.25057,0.96632,1.06012,-0.00125,-0.85411,0.98082
12.52244,13.37088,-0.53425,1.48685,0.74679,0.40722,-0.31262,0.20394
13.14626,13.41610,-1.62574,0.97536,0.50564,-0.74534,0.76191,-0.63020
13.19399,14.31886,-2.81922,1.43572,1.13754,0.72524,0.36492,0.12409
13.13746,13.34880,-1.99217,1.30646,0.16939,-0.31785,0.48981,0.70118
13.06722,14.22239,-2.60738,1.03707,0.63736,0.03686,-0.51838,-0.19955
12.75692,13.95895,-2.93104,0.98461,1.04147,0.58167,0.33323,0.52749
12.78662,13.44997,-1.48365,1.47124,1.47450,-0.33611,-0.17973,-0.37940
12.63544,13.56356,-2.74183,1.24015,0.19511,-0.95558,-0.02575,0.14028
12.88101,14.13207,-2.39252,0.96668,1.44872,-0.27329,-0.49009,-0.15074
13.10650,13.61769,-0.79723,1.25526,1.07131,0.64349,-0.61176,0.87806
12.64373,13.75345,-1.09761,1.08387,0.26394,0.02791,0.81021,-0.21669
13.22938,13.26862,-2.61860,1.29026,1.49846,0.24399,0.76698,-0.59735
12.72827,13.73243,-1.17083,0.73819,0.76017,0.12616,-0.64316,0.18932
12.72319,13.65039,-1.05498,1.23997,1.27125,-0.02006,0.92950,0.39615
13.19604,13.83534,-0.67289,1.22803,0.18975,0.56013,-0.37147,0.17890
12.71892,14.01966,-2.65564,1.28937,1.29086,0.82109,0.51563,0.38253
12.40874,14.10643,-1.91851,0.91082,0.73368,-0.88482,-0.31835,-0.80641
13.19278,14.24638,-1.41192,0.79940,0.92617,0.79167,0.25196,-0.33583
12.52871,13.27167,-1.18763,1.07261,0.53605,-0.18115,0.31151,-0.48905
12.69947,14.10533,-0.49133,1.42413,0.91734,0.07602,-0.31782,-0.34616
13.26478,14.17060,-0.67586,1.20992,1.34827,0.98393,-0.94586,0.76552
12.50315,13.71324,-1.29468,0.96253,0.09636,-0.83839,-0.30058,-0.53732
12.45606,13.88818,-0.35175,1.03131,0.64070,-0.80752,0.33800,0.02926
12.44502,13.48641,-0.98441,1.04182,0.19766,-0.70701,-0.44504,0.68569
12.90651,13.39146,-1.63127,1.28852,1.16980,-0.93588,-0.21779,0.89869
12.84959,13.21012,-0.21711,0.92029,1.47726,-0.73110,-0.32662,-0.90699
12.97780,13.86521,-1.55423,0.95726,0.78581,0.72058,0.30248,0.29064
13.23393,14.34313,-0.08211,1.21276,0.54594,-0.58183,0.04064,-0.65911
12.69856,13.67311,-1.41578,1.01486,1.02485,0.36635,-0.21901,0.17809
12.71170,13.93220,-2.67420,1.48839,0.07095,0.81070,-0.14600,0.04897
13.18792,14.34991,-0.08659,0.73629,1.42900,-0.72529,0.65709,-0.87069
12.53819,13.38723,-2.77828,1.07435,0.72967,0.44049,0.24561,-0.36598
12.90536,13.95737,-0.93526,1.43785,1.02082,-0.85880,0.07177,-0.37526
12.43492,13.51345,-1.52848,1.41179,1.12949,0.29246,0.18470,-0.42115
12.50810,13.47481,-0.06645,1.22694,0.90958,-0.16030,-0.21580,0.25319
12.67771,13.43749,-0.07119,1.17438,0.53555,0.06880,0.79475,-0.13676
12.58380,13.38700,-2.21329,1.05808,1.32263,-0.15321,0.81023,0.93115
12.87519,13.43127,-1.66218,1.41156,1.29256,0.18000,0.19867,0.88434
12.91690,14.25931,-0.20997,0.89987,0.27474,0.46391,0.02633,0.16370
13.22221,14.03369,-1.56776,1.20599,0.93777,0.87051,0.70383,0.69314
12.86191,14.01479,-0.86029,1.36722,0.59763,0.24495,0.35872,-0.58447
12.43769,14.33858,-1.12764,1.25338,0.16936,-0.45733,0.07105,-0.34714
12.44375,13.40381,-2.99884,1.44591,0.40339,0.67429,0.43997,0.91752
12.72678,13.65036,-1.73800,0.81356,1.26994,-0.13818,-0.09500,0.72923
13.16362,13.28690,-0.99748,1.03606,0.76214,0.81361,0.68824,-0.10201
13.06531,14.14658,-2.47474,0.84813,0.85808,-0.73084,-0.32722,-0.12679
12.61313,14.08297,-2.63740,0.71547,1.29164,-0.18324,0.54447,0.73400
12.79255,13.38229,-1.94340,0.88779,0.89197,0.37644,0.48228,0.09292
13.17990,13.34644,-0.11571,1.19471,0.23954,-0.70666,0.89037,0.10275
13.27984,14.19424,-0.42761,1.18910,0.79628,-0.70046,-0.92304,0.91237
12.52619,13.30497,-0.46999,0.79809,0.21525,-0.36782,0.57214,0.25982
13.18627,14.06796,-1.11628,1.08042,1.10662,0.02014,0.18581,0.88941
13.20626,13.77197,-0.13106,0.98113,1.34962,-0.18920,0.96989,-0.65364
12.78603,13.66172,-0.01377,1.10591,0.58329,-0.58418,0.44042,0.57985
13.04573,13.91236,-1.35178,0.74101,0.97554,-0.79820,0.76786,0.84939
13.29370,13.37804,-1.42371,0.96906,1.00577,0.38730,-0.25527,-0.29405
12.86558,14.38554,-2.08001,0.88933,0.91648,-0.76551,-0.45613,-0.03644
12.68505,13.41307,-2.00496,1.43759,0.48024,-0.55459,-0.78676,0.53933
12.95705,13.46507,-1.30754,1.08710,0.08618,-0.74938,0.42961,-0.73132
12.93106,14.12749,-1.56943,0.96718,0.36105,-0.92766,0.04724,-0.68971
12.76631,13.57953,-0.09941,1.21171,1.26128,-0.63452,-0.72313,0.18095
13.23918,13.85182,-0.89585,0.78419,0.72798,-0.30834,-0.09481,-0.19851
12.54274,14.04801,-0.48229,1.45363,0.17739,0.68181,-0.91051,0.61148
13.00021,13.36638,-2.77979,1.40500,0.59217,0.08094,-0.16655,0.82627
13.21531,13.67054,-2.56265,0.78307,0.66478,0.77674,-0.51680,-0.59893
12.41770,14.13388,-1.94249,0.85998,0.97146,-0.75569,0.45895,0.35672
12.54908,13.89328,-2.71664,0.74120,1.47089,0.09797,-0.07950,-0.57233
12.98993,13.88101,-2.37559,1.23051,0.08399,0.49235,-0.90626,-0.00400
12.96543,13.59276,-2.53642,0.81476,1.05514,0.57523,-0.53935,-0.04224
13.14360,14.34522,-1.93201,1.41277,1.35851,0.12427,0.57430,-0.33037
12.51963,13.48378,-1.48809,0.84794,1.33498,0.72882,-0.52443,-0.72757
12.78690,13.35376,-0.73391,0.72198,1.06325,0.85188,-0.81834,-0.99950
12.66759,14.27490,-1.15578,0.79124,0.98252,0.73977,0.89998,0.97313
12.45788,13.82320,-2.87155,1.03528,0.93499,0.53516,0.58348,-0.03276
12.59338,13.30977,-1.58273,1.22158,0.55212,-0.59162,-0.07009,-0.40994
12.90307,14.33188,-0.27004,1.31557,0.27854,0.12850,-0.30764,0.15002
12.46817,13.69264,-2.88150,0.88891,1.17632,-0.11208,-0.65473,-0.20315
13.26870,13.57278,-0.69462,0.91453,0.37252,-0.08485,0.02788,0.30333
13.10991,13.71875,-2.55596,1.18281,1.18128,0.78389,0.49872,-0.03454
12.61027,13.29162,-0.13965,0.81036,1.48417,-0.25262,0.48460,0.34319
13.24542,14.02609,-0.69547,0.87373,0.34593,-0.64280,-0.74360,-0.21175
13.24239,14.21579,-2.75193,1.17426,1.41926,0.76163,0.78134,0.22281
12.49461,13.80964,-0.33428,1.35377,0.80709,-0.20889,0.66154,-0.51181
12.63552,14.10020,-1.32651,1.08605,1.15440,0.63830,0.33566,0.76137
12.66110,14.26603,-1.52077,1.41234,0.42206,0.58234,-0.60874,0.19444
12.89596,13.43205,-1.71478,1.34994,1.22168,-0.83218,-0.69201,0.43093
12.40214,13.25025,-2.13739,0.93034,1.23630,0.47818,0.72698,0.66843
13.18422,13.49650,-1.43441,1.16420,1.37450,-0.25335,0.29957,0.04044
12.98408,13.82548,-1.55980,1.06251,0.72011,0.78466,-0.57381,-0.08895
12.75782,13.31421,-1.50146,1.35004,0.57555,-0.70690,-0.29050,0.38099
12.60417,13.92695,-1.15952,0.85218,0.12311,-0.04030,-0.59180,0.51707
12.84314,13.95602,-2.21907,1.14725,1.11291,0.68502,-0.84596,-0.73253
13.11767,13.99214,-1.99659,1.41463,0.95703,-0.82869,0.96730,0.11556
12.95881,13.24338,-2.26012,0.87004,0.14808,0.58717,-0.37612,-0.66204
13.03894,14.21291,-1.50140,1.08746,0.90050,0.66619,-0.63269,-0.63834
12.88924,13.90083,-0.06055,1.35758,0.60477,-0.38518,-0.17304,-0.65667
12.47190,13.84553,-2.60076,1.46433,1.21838,-0.55943,0.93871,0.77674
12.64809,13.29799,-1.09432,0.99472,0.07801,0.02902,-0.51622,-0.68646
12.89081,14.31998,-2.62109,0.88682,1.01290,0.28155,-0.31122,-0.22344
12.48077,13.70641,-0.60090,1.22161,0.77282,-0.72361,-0.43706,-0.55395
13.09548,13.53491,-1.57764,1.48448,0.99555,0.26310,0.52316,0.37556
12.86148,13.38905,-2.09612,1.40574,0.61726,0.29149,0.98156,-0.20412
13.09389,13.32467,-2.15639,1.07986,1.09027,-0.97113,-0.83202,0.20436
12.58326,13.71853,-0.50742,0.85022,0.64955,0.85669,0.47661,0.18875
13.12316,13.90166,-0.42291,0.78911,1.43449,0.96806,-0.36379,0.99233
12.65724,14.38812,-0.47676,1.18741,1.49280,-0.12766,-0.32047,-0.62898
12.58526,13.33897,-2.12603,0.80718,0.73957,-0.25859,0.39690,-0.79348
13.23187,13.68588,-1.91672,1.01397,0.24993,-0.62776,-0.56887,-0.13597
13.26143,13.58118,-2.69228,1.35105,1.47786,-0.00632,0.34152,0.48966
12.65569,13.41341,-1.99072,0.78470,0.02145,-0.08112,-0.91030,0.19420
12.54888,13.41456,-2.46339,1.21797,0.19665,0.49486,0.34802,0.26851
12.85270,13.63202,-0.10734,1.28977,0.07735,0.38925,-0.38877,-0.24139
12.80766,14.20836,-0.47320,1.09281,1.45081,0.66564,-0.90822,-0.77420
12.77346,13.76564,-2.11051,0.98688,0.13914,-0.40101,0.38021,-0.25052
12.60086,14.11353,-1.88810,1.41002,1.21215,0.66249,-0.92964,0.09863
13.26429,13.83900,-2.02965,1.29756,0.90437,-0.78303,-0.49564,-0.93296
12.50302,14.24354,-0.93718,1.17745,0.77419,0.10541,-0.84675,0.42921
12.62473,13.64751,-2.04927,1.15271,0.45387,-0.88169,-0.48756,-0.91302
12.53811,13.41481,-0.00572,0.99267,1.04272,-0.64400,0.00225,-0.41727
12.48254,13.60090,-1.09304,1.33937,1.41056,0.76878,0.72746,-0.37295
12.59571,14.25114,-1.34228,0.74280,0.14771,0.58103,-0.13895,-0.92323
12.91714,14.22565,-1.91766,1.40475,1.28591,0.08417,-0.15182,-0.04265
12.83901,14.39518,-0.06395,1.02945,0.35064,-0.11221,0.75477,0.74722
13.25415,14.13190,-1.77963,1.49444,0.18835,0.41493,-0.55267,0.08428
12.60517,13.49700,-2.04329,1.03065,0.40653,-0.09849,0.28554,-0.17251
13.16667,13.28084,-2.94158,0.73451,0.24406,0.91529,-0.08659,-0.34127
12.91149,14.01176,-2.26469,1.20232,0.79270,-0.06242,-0.43729,0.26027
13.27186,13.74660,-0.50751,1.41879,1.26131,0.56579,-0.58348,0.53998
12.99708,14.05513,-1.67208,1.40520,0.02565,0.89500,0.42359,-0.84173
12.61483,13.74989,-2.34579,0.83949,0.83239,0.43620,-0.80833,-0.22190
12.47474,13.22693,-2.92349,1.40473,0.09037,0.75765,0.84413,-0.85027
13.04365,13.73932,-1.09629,0.88010,0.78866,0.92430,0.95777,-0.93972
12.45153,13.84950,-0.17687,0.98674,0.16776,0.40973,0.59156,-0.29141
12.87104,14.26626,-0.46624,1.25707,0.59846,-0.56438,0.34083,0.88354
12.94169,13.57487,-1.13131,0.77045,0.55854,0.16327,0.84699,0.68179
12.51263,13.84543,-0.13307,1.08665,0.82589,0.95592,0.94786,0.32835
12.78073,13.44323,-0.63532,1.14831,0.38369,0.20024,-0.19525,0.73303
13.25572,13.25942,-2.83319,1.39077,1.15738,-0.76062,-0.80209,0.81911
13.15156,13.50369,-1.48722,1.30125,0.79187,0.02873,-0.27865,0.03294
13.22062,13.84733,-1.50366,1.48084,0.86884,0.33376,0.93099,-0.86935
12.52642,13.41346,-1.90743,1.05293,1.28722,0.83911,0.25978,-0.30435
12.69230,13.88453,-2.47373,1.13847,0.79157,0.60399,0.64163,-0.31557
13.12057,13.85371,-2.59277,1.40595,1.24308,-0.96881,-0.79610,-0.56959
13.04057,14.18575,-1.16219,1.01872,0.21878,-0.52734,-0.42221,-0.00693
12.98511,13.38261,-1.87138,1.15308,0.74719,-0.08723,-0.92039,-0.24985
12.49044,14.00428,-2.00835,1.38615,1.12074,0.25640,0.31881,-0.73815
12.49685,14.17435,-2.39636,0.88053,0.39392,-0.72738,0.37606,-0.88304
12.51035,14.09200,-2.91088,0.93292,1.35299,-0.68297,0.32532,0.93209
12.55354,14.19945,-0.53719,1.00245,1.40463,0.52596,0.67288,0.41056
12.62734,13.26790,-0.13463,1.07590,0.37712,0.31183,0.37519,0.36839
13.25452,13.60453,-0.25898,1.30257,0.47033,-0.34659,-0.88170,0.90225
12.44966,14.16994,-2.89654,0.86166,1.30134,-0.21580,0.26705,-0.50942
12.41604,14.21817,-1.41485,1.02225,1.07952,-0.34341,-0.87702,-0.56211
12.48964,13.60795,-0.16775,1.45588,1.44560,-0.59421,-0.25339,-0.48087
12.48627,13.83469,-1.40183,1.10869,1.46470,0.58873,-0.33178,-0.07695
12.54286,13.68397,-2.40403,1.44494,0.71998,-0.92381,0.83823,0.51317
12.90769,13.59702,-1.88950,0.91612,1.37248,0.10660,0.88133,0.73029
12.41191,14.23133,-2.92204,0.87034,1.48696,0.44150,0.54549,-0.66955
12.88703,13.32109,-0.22610,0.72218,1.02630,0.21221,0.19833,0.04180
12.87862,13.39651,-1.03345,0.76829,0.18109,0.40629,0.14330,0.44431
12.53133,13.21588,-2.25242,1.24805,0.86899,-0.86931,-0.91589,0.33652
12.65681,13.72703,-2.10246,1.45611,1.18241,0.78421,0.66636,0.23972
13.16597,13.79635,-0.63128,1.45887,0.31521,-0.18695,-0.08960,-0.92242
12.58622,13.82850,-2.55700,1.41584,0.87570,-0.33580,-0.59657,-0.55987
12.61019,13.97317,-1.02180,0.97116,0.09303,-0.19796,-0.06180,-0.32190
12.51288,13.71032,-2.74506,1.34107,0.90539,0.82816,-0.15648,-0.09800
12.51936,14.28235,-1.30399,1.46737,1.27530,-0.34756,0.48683,0.99796
12.84295,14.01348,-2.85298,1.11168,0.62689,0.39039,0.78903,-0.00395
12.82087,13.49314,-0.38230,1.27131,1.03599,0.26960,0.62971,-0.96395
12.76142,13.86756,-2.21011,1.41703,0.23702,-0.24938,0.82432,-0.86681
13.29067,13.46723,-1.07630,0.76253,0.58045,-0.04898,0.19288,-0.65885
13.08446,13.89458,-2.55380,0.77433,1.48398,-0.20046,0.31048,0.60157
13.23893,14.15329,-0.77846,0.80799,1.32422,0.16057,0.27541,-0.08791
12.83241,13.70333,-1.83757,0.74144,1.24428,0.92803,0.98876,0.78530
12.60128,13.77044,-1.31939,0.83365,0.57044,-0.73700,0.69054,-0.45260
12.89175,13.74643,-1.57659,1.24534,1.17978,0.89904,-0.34720,-0.33240
12.77807,14.25860,-0.52491,0.91954,1.20096,-0.49293,-0.32682,-0.85657
13.11764,14.12566,-2.44838,1.38817,1.39390,0.90848,0.96996,-0.37885
13.06522,13.56117,-2.33228,1.47787,0.01608,0.01631,-0.98233,0.71850
12.55035,13.44366,-0.98896,1.08577,1.22746,0.39211,-0.81522,-0.57595
13.14423,13.59238,-0.16217,0.99938,0.43130,-0.48566,-0.38874,0.16662
12.60356,13.93956,-1.84236,0.96297,1.39666,-0.90315,0.48508,-0.75478
12.61432,14.00129,-0.35885,1.00829,0.22736,0.82340,0.54009,-0.57374
13.24822,13.57655,-2.98506,1.45686,0.86997,0.87619,0.75095,0.00767
12.93286,13.40638,-2.14303,1.34176,0.49345,0.77318,0.88154,-0.32144
12.49092,13.68934,-1.01000,0.81641,0.69486,0.38626,-0.26974,0.91042
12.61014,13.20418,-2.80723,1.27172,0.86029,-0.21637,-0.68009,0.30664
12.53297,13.93986,-0.99017,0.73190,0.36653,-0.89322,0.55336,0.83903
12.89991,13.41227,-0.24797,1.29875,0.80759,0.73372,-0.23090,0.47586
12.73693,14.27090,-1.79611,1.46252,0.24260,0.93503,0.00455,-0.29158
12.84807,13.60217,-0.00595,1.08549,1.44348,0.94312,-0.38380,0.70758
13.23288,13.38586,-2.08264,1.23363,0.33873,-0.71874,-0.12131,-0.08978
12.65610,13.69577,-1.27872,1.09752,1.01805,-0.20837,0.14957,-0.11031
13.07330,14.33653,-0.83366,1.01082,1.14634,0.71078,0.88615,-0.97114
12.45176,14.25957,-2.14681,0.83023,0.91498,-0.97848,0.94075,0.67911
12.80223,13.71300,-2.76231,0.78017,1.18731,-0.55037,-0.15086,0.72050
13.25223,13.82445,-2.13961,1.20721,0.81027,-0.08716,0.79507,0.21037
12.58401,14.02463,-1.81759,1.15617,1.23951,-0.96271,0.24703,-0.97299
13.09657,13.30509,-1.09391,0.86503,0.45515,0.86022,-0.54742,-0.99086
13.19364,13.65701,-0.90743,1.28139,0.58740,0.11271,-0.19972,-0.40928
12.41290,13.97351,-0.26821,0.94506,1.31306,-0.83269,0.37125,0.24377
13.20102,13.23812,-0.46349,0.92173,1.17729,0.65488,-0.86791,0.34739
12.55848,14.35054,-1.93366,1.10984,0.15042,-0.60906,-0.76881,0.76904
12.60578,13.29097,-2.77986,1.22221,0.04927,0.10435,0.49421,0.08617
12.93090,13.91554,-2.49212,0.88589,1.33822,0.92257,-0.52305,0.82050
12.50903,13.72156,-1.16214,1.03708,1.32720,0.32823,0.70071,0.14397
12.78819,13.70237,-1.26457,1.00344,0.22195,0.70658,-0.39747,0.71704
12.83401,13.99857,-0.31112,1.02501,0.34139,-0.89227,-0.78947,0.86253
12.82326,13.80198,-0.91235,1.35871,0.84366,0.00638,0.49113,-0.73231
12.67058,13.81375,-0.69077,0.73045,1.03153,-0.83025,0.35786,-0.02607
12.80317,13.28735,-0.50890,1.49773,1.03531,-0.26783,-0.48898,-0.59503
13.16863,13.91388,-0.47186,1.35218,0.76237,0.19158,-0.17345,0.75844
12.49089,13.65848,-2.71848,1.25083,0.59980,0.97276,-0.62300,-0.25882
12.99420,14.32037,-0.89144,0.82082,1.04141,0.70470,-0.17208,0.17694
13.22416,13.65900,-0.81019,0.85439,0.50898,0.81161,-0.01688,-0.31385
13.20105,13.56885,-1.90611,0.87619,1.11932,-0.10106,-0.59938,0.36094
13.23466,14.38333,-2.63915,1.03885,0.02473,0.27216,0.02383,-0.80722
12.70770,13.49545,-2.38113,0.87969,0.98787,0.78000,0.17181,-0.28282
12.71659,13.46532,-0.62329,1.27921,0.68647,0.03284,0.38974,0.78416
13.25475,13.87084,-0.04479,1.28967,1.13643,0.39947,0.18684,0.00985
12.47631,13.70147,-2.55437,0.96356,0.83526,-0.95555,0.79496,0.80718
12.77772,13.30756,-2.24674,0.85893,0.66171,0.44343,-0.89421,-0.64243
12.90279,13.81313,-1.47768,0.92403,0.01873,-0.52790,0.15331,0.62139
12.86380,13.87628,-2.25628,0.95666,0.60877,0.05895,0.06915,0.24610
12.67939,14.17871,-1.03001,1.26909,0.45291,0.14662,-0.60834,-0.99433
12.96287,13.25063,-1.02098,1.40406,0.50969,-0.78052,0.39037,0.37805
12.62423,14.01664,-2.19026,1.24802,0.47542,-0.11025,0.16657,-0.11322
12.64688,13.27937,-0.58229,0.91520,0.31164,-0.58704,0.04061,-0.63499
12.97759,13.66909,-2.02483,1.36630,0.30600,-0.01292,0.97220,-0.79427
13.27892,14.23589,-1.10831,1.26195,1.37067,-0.18948,-0.93669,0.30401
12.50263,14.26421,-0.89177,0.82110,0.19171,-0.84788,-0.66734,-0.69563
13.00575,13.49560,-1.28316,0.91693,0.76530,0.76880,0.45049,0.38647
13.21726,13.76695,-1.68230,1.14857,0.93154,0.86289,-0.87835,-0.74377
12.97691,14.27179,-1.02558,0.85336,1.36336,0.21157,0.22938,-0.64213
12.89433,13.77242,-0.55749,1.23197,0.63586,0.24965,-0.22767,-0.04290
13.03736,14.01708,-0.46582,0.87663,0.96925,0.02912,0.92629,-0.78514
13.02713,14.04833,-0.64609,1.10788,0.48564,-0.04053,0.36738,0.49149
13.11265,13.84986,-0.75376,1.29887,1.17355,-0.02577,0.15950,-0.26569
12.84039,13.66397,-1.39712,1.01305,0.61734,0.81986,0.84352,-0.76970
12.69781,13.68155,-0.97580,0.92847,1.41359,0.28034,0.48670,0.31091
12.91405,13.90382,-2.11843,1.40893,1.42081,-0.01958,-0.76292,0.14134
13.12904,14.33316,-2.26581,1.16135,0.19865,-0.45086,0.52102,-0.39280
13.25590,13.50363,-2.05581,0.80042,0.83026,0.80142,-0.68327,0.88932
12.70834,13.80708,-1.20828,1.35944,1.09133,-0.67540,-0.69115,-0.16041
12.51969,14.00195,-0.22996,0.86125,0.66828,0.63481,-0.52390,-0.34624
13.22651,14.36401,-1.61930,1.44704,1.44513,-0.48157,-0.14778,0.03233
12.71034,13.86925,-2.54905,1.13936,0.84295,0.46623,0.61582,-0.30930
12.96017,13.30826,-2.38669,0.88180,0.62569,-0.38494,0.33107,0.08455
12.61353,13.48319,-2.13120,0.77785,0.79837,0.61464,-0.50866,0.94525
13.17209,13.50254,-0.52895,1.25280,0.53602,-0.01905,-0.11661,0.06301
12.41026,13.49861,-2.40389,0.82513,0.19769,0.55405,-0.75105,0.20138
12.52560,14.27291,-2.99132,0.71690,0.61582,-0.49025,0.89649,-0.50491
13.24612,14.33559,-0.57414,1.45209,0.95040,0.28963,0.59073,0.67626
12.41066,14.29227,-0.32161,0.72859,1.13130,0.11728,0.32693,-0.01659
13.19821,13.63135,-0.09813,1.49194,0.98943,-0.49864,-0.54323,0.80282
12.41371,14.00741,-0.22994,1.10310,0.36220,-0.08466,0.25272,0.45950
12.73938,13.95083,-0.12188,1.36725,0.73041,0.79160,-0.37478,-0.24520
12.65921,14.03136,-2.60392,1.16020,0.33166,-0.35870,-0.74662,-0.69777
12.44013,14.23004,-1.85469,1.02233,1.21406,-0.19863,0.72494,-0.79430
13.04153,13.46026,-1.42345,1.23710,1.30026,0.62417,-0.96937,0.81669
13.13229,14.37540,-2.08516,1.40379,0.17639,-0.36270,-0.45104,0.52517
13.12393,13.76320,-0.28141,0.71693,0.14132,0.13013,0.39430,0.88131
12.49229,13.79239,-0.79333,1.12613,0.46704,-0.36072,-0.90457,0.29331
13.28786,14.35865,-2.70979,1.29336,0.06016,-0.96649,-0.06719,-0.59009
13.24469,14.08359,-2.14388,1.40066,0.86588,0.66995,0.07774,0.20337
13.17949,14.15452,-2.13623,0.99949,1.05073,0.09449,-0.08837,0.81735
12.86082,14.32110,-0.49469,0.80093,0.90756,-0.34954,0.49780,0.79407
12.48035,14.09910,-2.56778,0.76886,1.29584,-0.33111,-0.26062,0.41429
12.52754,13.89181,-1.80196,1.30443,1.04896,0.98648,0.32117,0.36411
12.52150,14.03716,-2.41994,0.87031,0.18489,0.62237,0.96429,-0.83330
12.49021,13.40724,-0.10751,1.17953,1.44692,0.61792,-0.10742,0.94069
12.78722,13.36718,-1.21391,0.73350,0.42172,0.81646,-0.37962,-0.33689
12.64397,14.26120,-2.68901,1.07720,0.06704,0.53610,0.92071,0.06926
12.85539,13.53035,-1.96351,1.33952,1.02884,0.84217,0.11487,0.96707
13.00385,14.03016,-2.78611,1.02810,1.04613,-0.85126,0.73300,0.56673
12.48953,13.74976,-1.53582,0.73982,0.05937,0.15068,-0.74671,0.93938
12.41812,14.34503,-1.44826,1.42038,0.58667,0.23154,0.09042,0.42263
13.00598,14.31772,-1.01217,1.24463,1.40213,-0.59051,0.42077,-0.24778
12.66170,14.30340,-2.33382,1.37587,1.27304,0.42037,0.96204,0.73865
13.27995,13.86645,-0.38908,1.13988,0.73683,-0.33346,-0.77825,-0.22107
12.84826,14.04885,-2.04466,0.72501,1.33091,-0.76042,0.41296,0.71654
12.40875,13.70705,-1.76398,1.03478,0.96461,0.13903,-0.61065,0.38022
12.56591,13.55162,-1.34691,0.71820,0.92369,0.98401,-0.21986,0.26834
12.81439,13.73037,-1.23264,1.28513,1.21739,0.57710,-0.63304,0.32046
12.50779,13.32598,-2.98482,0.99403,0.37995,-0.02095,-0.83218,0.97830
12.83768,13.79471,-0.39063,1.26841,0.01303,0.02396,0.34228,0.34868
13.00256,14.35468,-1.90949,1.12601,0.91320,-0.62311,0.10906,0.43297
13.10284,13.46559,-0.44013,1.06594,0.58648,-0.48625,-0.87475,-0.19049
12.43678,13.67356,-0.86628,1.43048,0.61535,-0.94719,-0.91125,-0.41295
12.97246,13.63497,-2.63477,1.07589,0.62093,0.13337,-0.93087,0.68041
12.87228,13.71447,-1.75763,1.15958,0.75823,0.49413,0.28884,-0.82539
13.15858,14.23816,-1.62928,1.17691,0.90268,-0.51685,0.91756,-0.30014
12.85101,13.74252,-1.78328,1.08219,0.80402,-0.98416,-0.93006,-0.19631
12.89231,14.23385,-0.33400,1.35773,0.74132,-0.64295,0.39073,0.25297
13.24737,14.20741,-2.09722,1.49739,0.85228,-0.96301,-0.80906,0.45607
13.19081,13.93081,-2.33499,1.48812,1.32380,0.41185,0.43484,0.01134
13.18623,13.74879,-1.22676,0.76342,1.22237,0.50913,0.86507,0.51563
12.62791,13.70387,-0.45081,0.87272,0.27520,-0.52897,0.62385,-0.43975
12.54454,13.24136,-2.56668,1.12263,0.81430,-0.81196,-0.51955,-0.05455
12.90973,14.22927,-1.54119,0.75738,1.49046,-0.92579,0.20246,-0.65277
12.69352,14.08995,-2.33673,0.79292,0.83996,0.45667,0.69953,0.27339
13.14849,13.38953,-0.77528,1.25956,0.17616,0.09201,0.93920,-0.65172
13.10508,13.29997,-2.80759,1.46863,0.59904,0.90461,0.37721,0.76292
13.01655,13.74821,-2.77961,0.89646,0.55561,-0.37656,0.89478,0.83433
13.10168,13.38980,-0.12764,1.26996,0.69874,0.28703,-0.67452,-0.51463
13.08652,14.38101,-1.38181,1.30303,0.85774,-0.24218,-0.21512,-0.35531
12.83884,13.69097,-1.89845,1.37589,1.22199,0.34416,-0.57195,-0.40673
12.43694,13.99681,-2.70297,0.73099,1.35516,-0.04581,-0.55371,-0.51209
12.61628,13.97843,-1.43332,0.75732,1.28428,0.61984,0.27368,0.10015
12.74166,14.16915,-1.27040,1.24167,0.35330,0.10737,0.11659,0.60953
13.28555,13.89591,-2.06800,0.93986,1.19940,-0.40420,0.47500,0.06885
12.60210,14.18311,-0.69063,1.23291,0.23721,-0.53569,0.96028,-0.44355
12.55464,13.62625,-2.37588,1.09362,1.31097,0.20084,-0.95006,-0.28834
12.51501,13.99484,-2.48185,0.74910,1.01556,0.91166,-0.14351,-0.03265
13.10437,13.52576,-0.92805,1.34513,0.46746,0.44981,-0.27531,-0.36289
13.09096,13.43697,-2.31202,0.97748,0.82262,-0.25147,-0.85429,-0.75536
12.53152,13.92704,-2.83141,0.86646,0.87200,-0.04151,0.49525,0.35540
12.44674,13.80216,-1.87319,0.80353,1.19321,-0.10417,-0.81965,-0.48760
13.26079,13.86952,-0.21730,1.45165,0.77312,-0.71456,0.04384,0.41325
12.75489,14.13575,-2.52508,0.82629,0.86043,-0.20870,-0.53010,0.46308
13.10584,13.89347,-2.72345,1.42767,0.61659,-0.75127,0.49930,-0.03949
12.78526,14.28145,-2.24626,0.83545,1.13085,-0.72842,0.38185,0.42626
12.82064,13.77267,-2.16182,1.41072,1.46382,-0.61975,-0.59685,0.88243
13.25126,13.23520,-1.68603,1.16679,0.44718,-0.15709,0.11689,-0.00809
13.24526,13.87532,-0.21779,1.38339,0.53242,-0.71081,-0.30202,-0.36255
12.73793,13.95347,-1.04602,1.41203,1.04204,-0.24779,0.85798,-0.09255
12.95758,13.44669,-0.45507,0.76610,0.95154,0.71748,0.01761,-0.74398
12.70704,13.42012,-1.26886,1.34263,0.02467,-0.91102,0.93425,-0.72726
13.18556,13.32765,-2.06841,0.78741,0.54560,-0.84072,0.11176,0.09367
12.40870,13.39931,-2.83587,1.15186,1.46652,0.41230,-0.11025,0.05177
13.23145,13.90001,-2.25497,0.91488,1.37261,-0.61391,-0.90702,0.67795
12.67338,14.36687,-0.27509,0.97774,0.67498,0.87004,0.51406,-0.17516
12.69948,13.79672,-0.25314,1.13165,0.18830,0.53988,0.39180,-0.27064
12.66814,13.25676,-0.17460,1.03909,1.09886,0.90837,-0.65471,-0.42771
12.53073,13.96654,-1.10809,1.33637,1.00744,-0.85525,-0.08617,-0.17025
12.50535,13.81568,-0.99770,0.97595,0.12040,0.47883,0.72246,-0.57462
12.60262,13.91016,-0.33669,0.84487,0.50140,-0.42744,0.19128,-0.30620
12.53767,13.26043,-1.97024,1.38486,0.91787,-0.98213,0.08504,0.10590
12.51421,14.36972,-2.40397,1.04837,0.39866,-0.30733,-0.61347,0.06241
12.69476,13.79832,-2.65166,1.26691,1.05432,-0.14646,0.87379,-0.26172
12.77649,13.45163,-1.52815,1.24853,0.19550,0.57080,-0.64158,-0.49183
12.91077,13.60668,-2.72355,1.23753,0.94770,-0.09618,-0.94105,0.51484
13.10679,13.36306,-1.67121,1.18628,0.15989,0.97183,0.32556,-0.89847
12.94013,14.36876,-0.36816,1.20569,0.91462,0.54426,-0.63148,0.87176
13.28335,13.25651,-2.23623,1.01043,0.64101,0.67970,-0.32791,0.40493
12.71413,13.81945,-1.18564,0.99949,1.36698,-0.42740,-0.80927,-0.38338
12.92755,13.77763,-2.92898,1.38004,0.57354,-0.80713,0.52261,0.50066
13.14649,13.24789,-2.38295,0.73455,0.15098,0.95849,-0.58872,-0.36550
12.70991,13.67421,-2.40801,1.46646,0.88369,0.81227,0.59206,-0.32564
13.09882,13.37728,-0.24363,1.09404,0.27839,0.41192,0.30543,0.49616
13.14913,13.97309,-0.69153,1.34220,0.69812,0.77089,-0.08052,0.32622
13.27030,13.47881,-1.25589,0.93952,0.96588,-0.60055,-0.60846,0.45329
12.89207,13.78087,-1.12673,0.98530,1.48229,0.38141,0.78932,0.11877
13.02036,13.44205,-2.68468,0.77369,0.19199,-0.81840,0.42126,-0.59556
12.68715,13.42587,-1.51158,1.44858,1.47338,-0.70200,0.39003,-0.21864
12.48622,14.17861,-0.75363,0.91442,0.13764,-0.94627,0.08798,-0.87112
12.59703,14.20476,-1.56953,1.22664,1.17369,0.13082,0.77980,0.57758
13.23939,13.83749,-0.94717,1.01424,1.06866,0.59331,0.32242,-0.11596
13.19808,13.65208,-2.20046,1.00947,0.40953,0.36585,-0.25439,-0.90794
12.87067,13.26455,-0.52439,0.88183,0.08443,-0.56789,-0.32658,-0.11045
12.65877,14.20560,-2.31355,0.96701,0.63769,-0.19592,0.58582,0.66134
13.12554,14.12102,-1.11379,0.99083,1.19873,0.95184,-0.44823,0.59266
12.40474,14.39282,-2.13691,1.08446,1.14658,0.54806,-0.05719,0.24806
12.42165,14.14888,-0.51585,1.44911,0.15601,0.69218,0.32186,0.40970
12.90287,14.18404,-0.19214,0.71324,1.38466,-0.73881,0.95207,-0.69153
12.86627,14.33523,-1.07744,1.28899,1.18922,0.36609,0.52432,0.05861
13.07328,13.83546,-2.56041,0.72610,1.23223,-0.07006,0.34203,0.20774
12.76745,13.70239,-0.71829,1.47581,0.61939,-0.51732,-0.45922,0.41527
12.55867,13.83152,-1.44285,0.89587,0.61822,0.91716,-0.13841,0.31616
13.22543,14.01560,-1.08938,1.05323,0.06056,-0.58319,0.63084,-0.21021
12.70612,13.97778,-1.32669,1.18782,0.01478,-0.61041,-0.73917,-0.64880
12.64567,13.46987,-1.46120,0.72957,0.06744,-0.09778,0.05344,-0.75474
12.84477,13.43788,-0.19532,1.43871,0.34737,-0.63775,0.00249,-0.86154
13.15702,13.44771,-2.37402,1.09227,1.39851,0.73153,-0.77009,-0.39114
12.44300,13.89568,-2.64077,1.29816,0.64371,-0.62658,0.56090,-0.39150
12.98216,13.76302,-2.36612,0.81922,0.20912,-0.84666,0.27414,-0.01002
12.84644,14.34143,-1.86191,1.45825,0.25307,-0.19000,-0.21476,-0.96254
12.54701,14.23670,-1.95026,1.27054,0.32950,-0.56410,-0.25426,-0.02843
12.81842,14.36282,-2.93770,0.96030,1.10009,-0.10790,0.43487,-0.32645
13.17470,13.87241,-0.35903,1.26438,0.83216,0.91720,-0.81997,-0.67278
12.45288,13.63563,-2.75438,1.49485,0.13743,0.91740,0.18491,0.60768
13.22693,13.26093,-2.19618,0.70478,1.18376,0.34588,0.47653,-0.14975
13.21089,13.42023,-0.45384,1.08531,0.46013,0.66226,-0.17838,0.53704
13.05149,13.36484,-2.78062,1.40050,1.40306,-0.51564,0.63150,0.58467
13.08126,14.39504,-1.16212,1.06095,0.02287,-0.68569,0.69691,0.72175
12.95980,14.25262,-2.93967,0.72473,1.05781,-0.97034,0.90976,0.26727
13.16031,14.30377,-0.16621,0.90127,1.26809,0.77448,0.53779,-0.44537
13.07051,14.10079,-1.16077,0.76247,0.95444,-0.82686,-0.46878,0.39218
12.57340,13.81112,-0.57462,0.73646,0.64470,-0.59834,0.22007,-0.47704
12.73862,13.96141,-1.29431,0.95519,0.76790,-0.69712,-0.03118,0.71772
13.29361,13.29658,-2.11247,1.43417,0.39034,-0.34223,0.12349,-0.80191
13.01580,13.78049,-2.99596,0.88785,0.30026,-0.68329,-0.59551,-0.02206
12.96890,13.81670,-0.07050,1.38021,1.43268,-0.74803,-0.98022,0.11676
12.85202,13.71822,-0.59086,1.42829,0.41698,-0.09562,0.77807,0.70941
12.70989,13.44822,-1.40769,1.47817,0.65287,-0.92997,-0.90488,0.60927
12.77450,13.56081,-0.85368,1.05965,0.52122,0.60421,-0.61873,0.22913
13.18741,14.19154,-0.00815,0.92316,0.73491,0.43072,-0.46797,-0.38674
12.92221,14.00161,-2.67823,1.30600,0.83772,0.18557,0.28238,-0.98599
12.74053,14.09109,-1.62170,1.31641,0.06185,0.41984,0.29971,-0.86771
13.23809,14.02905,-0.25987,1.40485,0.88767,0.27105,0.71389,0.32204
12.78398,13.64072,-2.30410,1.44604,0.09506,0.97809,-0.06446,0.25455
12.90206,13.55571,-1.51374,1.33104,0.30091,0.43767,-0.31265,-0.21059
12.43732,13.67093,-0.36872,1.24168,0.14093,0.91347,0.18627,-0.38256
12.86001,14.24673,-0.13650,1.48970,0.92059,-0.71761,0.77031,-0.36687
12.83422,13.21972,-2.45490,0.78724,1.07332,-0.95255,0.05459,-0.09760
13.27224,13.37710,-0.24852,1.17704,0.02965,-0.15238,-0.94712,0.64481
12.42186,13.25474,-0.72319,0.96558,0.44222,0.60214,0.68331,-0.51872
12.58302,14.30440,-1.69714,0.93993,1.25414,0.04772,-0.47307,-0.32942
12.80883,13.63375,-0.52390,1.09337,0.32919,-0.11525,-0.60945,0.16778
12.43095,13.62238,-1.99551,1.16885,0.89586,-0.40236,0.41729,0.85353
13.28146,13.60709,-1.57588,0.77475,1.05705,0.06105,0.05329,-0.13203
12.43689,13.97436,-1.11639,0.78416,1.20174,0.55458,-0.98478,0.28656
12.87633,14.25862,-2.28124,1.29135,1.44189,0.15623,0.70132,0.20533
13.16095,13.45125,-1.75417,1.12059,0.01983,0.89932,-0.28962,-0.19418
12.63164,13.21708,-0.22308,1.38898,0.24881,0.80947,0.60310,0.41765
12.75224,14.28699,-2.02902,0.89771,1.10271,0.56355,-0.44833,0.73001
13.29605,13.58253,-2.39714,0.98548,0.85930,0.52365,0.01247,0.03765
12.52859,13.66969,-1.77931,1.24559,0.88855,-0.51141,0.96592,0.75962
12.79204,13.34330,-2.04699,1.04477,0.58813,0.74079,0.51522,0.79515
13.16924,13.73514,-2.18662,1.36862,0.22411,-0.45881,-0.63082,0.44465
12.68999,14.26955,-1.82906,1.39859,1.46261,-0.87454,-0.97095,0.58993
13.11244,14.30312,-2.09627,1.45517,0.80664,0.91488,-0.76345,0.17266
12.58344,13.37091,-2.33895,1.29171,0.74031,-0.26713,0.85688,-0.49133
13.28677,14.30137,-1.91449,0.76613,1.16220,-0.02083,-0.67634,0.36508
13.06619,13.57411,-0.45120,1.22227,0.38809,0.04219,-0.22776,0.75978
12.88040,14.22200,-2.55805,0.83728,1.27040,-0.26792,-0.05737,0.06523
12.98529,14.29630,-1.51876,1.01487,0.62337,0.09043,0.21444,-0.76492
12.42943,13.28709,-2.99237,1.21239,0.65053,0.44108,-0.99971,0.89527
12.59584,14.01245,-2.62868,1.09808,0.33512,-0.74841,-0.63761,0.75127
12.92168,13.33955,-2.12213,1.18755,0.51781,0.72198,-0.93802,-0.58626
12.99622,13.59565,-2.29170,1.45721,0.63289,0.87774,0.00294,0.31231
13.01275,13.54731,-0.97925,1.22027,1.20382,0.81997,0.03448,0.84923
13.19993,13.89995,-2.27741,1.33384,1.46685,0.79286,-0.14766,-0.03436
12.78601,13.46930,-2.07071,1.07766,0.11637,-0.50416,-0.84625,0.48733
12.97896,13.37618,-2.29796,1.44209,1.28360,-0.10155,-0.67042,-0.23674
12.53832,14.14228,-1.90506,1.07122,0.74344,-0.24187,-0.56389,0.87157
13.10624,13.47940,-2.68948,1.16854,1.48029,-0.04224,-0.30879,0.45259
12.84607,13.29078,-2.93363,0.85812,1.06460,0.40997,-0.73424,-0.35156
12.86437,14.19940,-1.90513,1.36730,0.81598,0.75998,-0.33553,-0.52910
12.89083,13.42309,-2.69291,1.29770,0.94302,-0.90454,-0.82724,0.04678
13.08990,13.82961,-1.01960,1.00719,1.48220,0.83629,-0.79424,-0.62082
13.19277,14.19903,-1.97250,1.00562,0.89315,0.03217,-0.42421,-0.20121
13.06237,13.92412,-1.52692,0.93051,0.23006,-0.39130,-0.82872,0.26290
12.59160,14.30338,-1.28132,0.88667,0.96528,-0.03966,0.42283,0.97026
12.72644,13.93512,-2.03358,1.29103,0.74252,0.81428,0.93637,-0.74706
13.24630,13.71937,-1.38421,1.21909,1.44267,0.69836,0.13736,0.13920
13.11465,13.77413,-1.39479,0.72669,0.47846,0.26342,0.97347,-0.15652
13.01552,13.40017,-2.25923,1.48157,0.89561,0.71498,-0.09868,-0.76400
12.61332,13.97422,-2.34846,0.71904,1.17193,-0.06083,0.54348,0.99335
12.96473,13.26157,-0.18536,1.03685,0.21661,0.71419,0.98426,0.66820
12.84148,14.00704,-0.41436,1.11993,1.42398,-0.28204,0.02105,0.64178
13.15349,13.92672,-1.90002,0.80460,1.04506,0.17044,-0.31915,-0.28084
13.12593,14.20202,-2.43682,1.10907,1.05543,0.22360,0.37921,0.53480
12.61267,13.78342,-0.21891,1.06244,1.00406,-0.18288,-0.72224,0.30749
13.05554,14.39329,-0.44678,1.08082,0.21464,-0.30464,-0.35861,-0.62145
12.86744,14.11871,-1.62374,0.84315,1.47379,0.65516,-0.08363,0.11552
12.79354,14.15300,-0.06823,1.16560,0.99217,-0.32673,0.18929,0.98386
12.54470,13.74125,-0.03116,1.26453,0.01575,-0.43400,0.13555,0.46535
12.67156,13.20300,-2.89644,1.28747,1.43706,-0.85051,0.37278,-0.44187
13.28091,13.69785,-2.98035,0.81513,1.20683,0.97014,-0.37273,-0.51758
12.63391,13.38420,-0.49476,0.90550,0.78845,-0.63645,0.47422,0.85440
12.60196,13.63631,-0.04751,0.92736,1.38640,0.34743,0.26874,-0.08144
12.99760,14.38512,-0.25142,0.81675,1.33291,-0.34996,-0.92972,0.11961
12.57538,13.92533,-1.36092,1.17957,0.67659,-0.06538,-0.30638,0.20352
12.71468,14.37371,-2.48251,0.71274,1.16245,0.52700,0.94606,0.53985
13.03286,14.09439,-0.70360,0.98640,1.25309,-0.56055,-0.82709,0.23077
12.62593,13.45119,-0.71647,0.95511,0.87604,-0.77963,0.40199,-0.77786
13.28998,13.95563,-2.65535,1.25843,1.40747,-0.84504,-0.21334,0.34002
12.89831,14.32800,-1.30705,1.05098,0.66614,-0.03245,-0.73135,0.09127
13.09877,13.71543,-1.27629,0.84365,0.56576,0.26771,0.48583,0.88308
13.00031,14.20483,-1.53882,1.27459,0.92098,-0.88249,0.73398,0.56970
12.99239,13.24368,-1.35144,0.87185,1.23075,-0.40700,-0.33427,-0.98210
12.41000,13.58603,-1.44113,1.47852,0.73851,-0.50626,0.15731,0.87552
12.91134,13.75496,-0.90185,1.16108,0.60331,0.44427,-0.31789,-0.76158
13.22422,13.20304,-0.71744,0.89994,1.08224,0.77785,-0.81073,-0.57125
13.13940,13.34935,-2.17343,1.24788,0.40349,0.64998,-0.46358,0.70190
12.90683,13.61372,-2.95292,1.15985,0.44429,-0.12558,0.84033,-0.63633
13.12786,13.95895,-1.80791,0.95879,1.06677,0.35832,-0.92362,0.74485
12.83121,13.96826,-1.03244,1.02215,0.07288,-0.77405,-0.79600,0.12405
12.89740,13.78974,-2.69438,0.72242,0.24488,-0.39606,-0.74785,0.76911
12.66725,14.34566,-1.67587,0.97432,0.39289,0.79870,-0.84754,-0.52998
13.04759,13.99091,-2.41016,1.14912,0.40396,-0.79236,-0.72385,-0.88397
13.27079,14.29833,-2.28423,1.48141,0.09254,-0.49562,0.82427,0.44495
12.96926,14.30828,-2.88163,1.17357,0.77310,-0.16677,0.83492,-0.20064
12.69972,13.94297,-2.43755,0.92349,0.74091,0.00383,-0.94542,-0.92137
13.09733,13.83742,-0.49283,1.15948,0.39174,0.12378,-0.16467,-0.38890
13.27380,13.81403,-2.68147,1.03449,1.26770,-0.08253,-0.56100,-0.55275
13.28753,13.37454,-2.53228,0.71725,1.18084,0.93022,0.53529,0.55745
13.29522,14.21394,-2.87219,0.71946,0.15480,0.33847,0.61911,0.23138
12.56037,13.58167,-1.57956,0.94356,0.62571,0.32463,-0.31288,0.66306
12.70827,13.26854,-1.25381,0.73338,1.46995,-0.16258,-0.34508,-0.19777
13.17787,13.62879,-2.94451,1.11088,0.23001,-0.07894,0.92879,0.32088
12.64792,13.40650,-1.60188,0.91625,0.38271,-0.78212,-0.15665,0.69337
12.81489,14.27856,-0.07536,1.22643,1.32771,0.78103,0.85960,-0.79263
13.19409,14.21917,-2.77609,1.18120,0.02657,0.23240,-0.75562,0.40891
13.28490,13.94989,-1.66824,1.22973,0.56099,-0.50759,-0.51279,-0.32370
13.29148,13.44524,-2.34730,1.41173,0.41381,-0.00218,0.07814,0.58547
12.92052,13.39040,-0.27694,1.36205,0.81541,-0.73314,-0.41184,-0.69785
12.65061,13.26398,-1.69518,1.16776,0.05963,0.08781,0.27016,-0.69284
13.06952,14.12676,-1.52158,1.00403,1.45788,0.33588,-0.42088,0.24363
13.14174,13.46354,-2.96183,1.05218,0.30020,0.69739,0.63087,-0.42499
12.86371,14.28230,-1.44606,1.03180,0.60507,-0.75927,-0.35372,0.84497
12.96041,14.21079,-2.55818,1.43184,1.00935,0.56792,-0.62471,0.10361
12.70716,13.25905,-1.08403,1.18917,0.44167,0.32099,0.64975,0.80520
12.92273,13.58191,-1.82367,1.20990,1.04863,0.09862,0.06117,-0.37327
12.84906,14.23847,-2.19281,1.13815,0.04885,0.04845,-0.18475,-0.74805
13.09677,13.92117,-0.10613,0.72039,1.39256,-0.36349,-0.03806,0.21914
12.41155,13.27646,-1.29080,1.26811,1.07955,0.55216,-0.32471,-0.23336
12.43667,14.33074,-0.69070,1.48982,0.55365,-0.58127,-0.46775,0.69978
12.94277,13.46035,-2.72416,1.11063,1.39325,0.53234,0.75634,-0.85464
12.77029,13.59124,-1.65429,0.98232,0.71952,-0.03136,0.93658,-0.58503
12.51573,13.69751,-0.30376,1.35921,1.40364,-0.62979,0.58291,-0.57793
12.46823,13.62981,-2.60838,1.00501,0.23294,0.94446,0.69397,0.48317
13.27104,13.78350,-1.94256,1.15525,0.49114,0.81715,0.35060,0.76027
13.12021,14.24101,-2.08633,1.33372,0.67478,-0.69475,-0.77186,-0.03119
13.02339,13.61039,-2.67900,1.39735,0.11974,0.96300,0.10363,-0.77514
13.14513,13.86848,-0.44174,0.73802,0.77254,-0.73942,-0.11869,-0.19110
12.64553,13.70971,-2.24379,1.09043,0.60336,0.35585,0.00849,-0.76797
12.78543,14.38962,-0.04906,0.74827,0.79756,-0.61269,0.56880,0.68444
13.10093,14.29726,-0.49800,1.13871,1.02183,0.69575,0.40308,0.22810
12.84848,14.39732,-0.97561,0.96360,0.86116,0.49989,0.51698,0.19513
12.73523,13.88992,-1.48823,0.72305,1.43557,-0.96231,0.81319,-0.83482
12.70863,13.21342,-1.34157,0.72427,0.10500,0.74978,-0.51916,0.21626
13.00436,13.26445,-2.03959,1.31103,0.27491,0.57699,-0.63469,0.64620
12.86653,13.47256,-1.73209,0.95533,0.04377,-0.05479,0.08229,-0.21891
12.80206,13.62670,-1.78290,1.23148,1.46745,0.79326,-0.45670,0.44111
12.92832,13.80710,-2.07109,1.00671,1.29934,-0.38245,0.69760,-0.32219
12.79347,13.42842,-1.99790,0.92192,0.61377,0.56161,-0.23746,0.92065
12.46936,13.32919,-1.20871,0.91887,1.32122,0.11953,-0.05744,-0.29096
12.77546,13.42689,-2.42382,1.43173,1.07566,0.89402,-0.45075,-0.96066
12.94530,14.07566,-0.57541,1.34743,0.30080,0.75050,-0.04087,-0.20046
12.93289,13.92454,-2.65951,1.49575,0.73017,-0.92478,0.96606,-0.64147
12.63916,13.99009,-1.56922,1.48981,1.42234,-0.81178,-0.01578,-0.68217
12.45764,14.34732,-1.51062,1.37771,0.56776,-0.43450,-0.56288,-0.76412
12.74276,13.99190,-2.46096,1.49772,0.97334,-0.16408,-0.41238,0.90463
12.57283,13.33510,-1.96933,1.32501,1.06934,-0.95143,0.66174,-0.45036
13.01687,13.77094,-2.16433,0.81285,1.15802,-0.66421,0.16203,-0.73020
13.05108,14.24911,-1.99594,0.84631,0.79662,-0.35610,-0.80434,0.69589
12.91624,13.23676,-1.11991,0.90232,1.21903,0.08836,0.13382,0.65239
12.69087,14.26187,-1.88103,0.90300,0.04658,-0.50444,-0.96667,-0.36261
12.40133,13.97619,-1.93775,1.26891,1.36395,-0.41842,-0.90541,0.17367
12.48224,13.43854,-2.36914,0.93617,0.65770,0.89138,-0.57788,0.78811
12.66731,13.81290,-0.54640,1.01517,1.32303,-0.99335,0.80002,0.84486
13.00842,14.07147,-2.51313,0.95945,0.78359,-0.88931,-0.82196,-0.43809
12.45375,13.88724,-2.61474,0.80210,0.08042,-0.61561,0.97147,0.75949
13.22762,13.28969,-1.73721,0.88136,0.11178,0.85501,0.32427,-0.47260
12.90524,13.99711,-1.21924,1.07321,0.54811,0.69699,0.13517,0.07853
13.10296,13.67088,-2.80133,1.40437,0.95971,0.48415,-0.94380,-0.36896
13.04399,13.63063,-2.72404,0.92287,1.18365,-0.16100,0.48377,-0.11067
12.49843,13.93203,-2.07150,1.05452,1.33956,0.32958,0.66751,0.78460
12.46740,14.16073,-1.60517,0.85989,1.44716,-0.24298,-0.86990,0.09420
13.06665,13.52299,-1.51683,1.09108,0.34875,-0.54886,0.19353,0.47382
13.28037,13.94284,-0.53565,1.09943,1.35525,0.01421,-0.71296,-0.32333
12.59956,13.35563,-1.38919,0.74222,1.24756,0.68720,0.09414,0.89183
12.68938,14.32807,-0.29828,1.09181,1.40378,-0.13539,-0.47053,0.26483
12.46329,14.01208,-0.87401,1.03874,0.24394,-0.54419,0.26207,-0.34894
13.14912,14.31341,-0.05435,1.13913,1.41844,0.93345,-0.03697,0.67389
12.47243,13.80113,-2.42080,1.02150,0.03722,-0.21573,-0.48355,0.36973
12.79266,13.40993,-2.99953,1.46599,0.44703,0.68788,-0.77272,0.87437
13.05780,13.26052,-2.48580,0.94617,1.46134,-0.76998,0.41035,-0.53212
13.14598,13.28651,-1.26889,0.84006,0.21608,0.36535,-0.35537,-0.53530
13.23543,14.35825,-1.85004,0.85772,0.81639,0.18615,-0.58194,-0.66777
12.52138,13.53349,-2.69192,1.13525,0.00344,-0.86257,-0.17441,-0.57552
12.90324,13.50211,-0.63207,1.34528,1.11721,-0.42123,-0.68715,0.34155
13.21898,13.27583,-2.92133,1.46247,0.01733,-0.07065,-0.86122,0.93041
13.03943,13.59995,-0.24833,1.19873,1.37601,0.49913,-0.74969,0.16708
13.12123,13.90115,-0.32503,1.23515,0.80963,0.44393,-0.88681,0.05305
13.05922,13.98343,-2.05829,0.98333,0.16457,-0.53511,-0.99556,-0.73704
12.70442,13.61549,-1.75686,0.93617,0.08774,0.61839,-0.65279,-0.67875
13.04402,14.06582,-2.11503,1.26284,0.25461,0.24526,-0.91361,0.92025
12.96907,13.82907,-1.82080,1.11114,1.20661,-0.27729,-0.71864,0.91292
13.18742,14.31365,-0.22690,0.76859,0.80027,0.60212,-0.80474,-0.09029
13.05369,13.77790,-1.52598,1.07079,0.33637,0.75711,0.90380,0.11725
12.88140,13.91726,-2.90491,0.85512,0.13627,0.13173,-0.67254,-0.22412
12.76852,14.27210,-0.52634,1.17353,1.10673,0.78008,0.72657,-0.37520
13.20615,13.64517,-0.97778,1.48670,0.90276,-0.44546,0.90599,0.28618
13.21205,13.63700,-2.79174,1.29568,1.25742,0.13370,0.06777,0.57619
12.67278,13.31598,-2.36537,1.14701,1.38401,0.78641,0.22610,-0.59157
13.28584,13.24004,-0.57608,1.02943,0.85919,-0.86695,-0.78428,0.13976
12.87642,13.65765,-1.73304,1.43416,0.48892,-0.51636,0.58267,-0.27605
12.73597,13.22722,-1.30501,1.10785,0.41274,-0.75707,-0.11431,-0.02087
12.41363,13.25073,-1.16161,1.35959,0.38094,-0.90223,0.17124,-0.67003
12.46207,13.50185,-0.60117,0.99187,0.50220,-0.58644,0.69581,-0.16037
12.95320,13.48487,-0.37205,1.18078,0.61571,-0.11298,0.13402,-0.79998
12.89210,13.56869,-0.88118,1.35734,1.07166,0.03331,-0.29368,-0.57859
13.00890,13.45356,-2.91574,1.15684,1.13514,0.64063,0.65310,-0.62583
13.27094,13.97649,-1.02219,0.77619,0.84833,-0.23657,-0.81870,0.41154
12.49722,13.77848,-0.08989,1.30089,0.76866,0.50415,0.76313,0.91607
12.97798,13.85955,-2.03354,1.35418,0.75135,-0.21885,-0.89074,0.75806
12.45745,13.69759,-1.16922,1.18804,1.00620,0.61466,-0.73770,-0.28330
13.16304,14.26151,-0.17962,0.73153,1.42568,0.21857,0.51740,0.92835
12.44306,14.22270,-0.77695,1.15859,0.74748,-0.81403,-0.38593,0.61460
12.72332,14.17278,-0.30283,0.92818,1.06223,-0.55556,-0.25396,0.09673
13.09896,14.28927,-0.93034,1.34087,0.63150,-0.26129,0.06165,-0.39415
12.86058,14.17603,-1.00731,0.86051,0.97184,-0.92856,-0.36166,-0.26149
13.04697,13.35146,-0.84994,0.99541,0.65918,-0.10428,0.69134,-0.59070
13.01732,14.11653,-1.45687,0.94507,0.00648,-0.50866,-0.78929,0.00880
13.01885,13.40098,-2.94274,1.24063,0.46278,0.32072,0.92121,-0.41806
13.21323,13.30806,-1.55588,0.82089,0.01832,-0.86573,0.75356,0.08985
12.64875,13.32411,-1.33576,0.85881,0.17090,-0.41259,0.30273,0.57771
12.87060,13.99170,-2.01789,1.21929,0.67112,0.40379,-0.52973,0.10753
12.77110,13.56769,-2.03951,1.39182,0.75604,0.20472,0.95115,-0.12319
12.46943,13.67150,-0.10144,0.77032,0.33062,-0.81008,-0.78925,-0.98175
12.92160,13.45507,-0.68826,1.16689,0.78460,-0.05415,-0.50753,0.32451
13.18211,13.90088,-2.64031,0.70217,0.68313,0.01577,-0.39296,0.73147
12.84681,13.32252,-0.66940,1.21237,1.23461,-0.38445,-0.49540,0.19165
13.08559,14.30404,-2.81777,1.05987,0.31568,0.77803,-0.76077,-0.95848
12.55700,13.58206,-0.43303,1.44784,1.06742,-0.81299,-0.71084,-0.27541
13.11534,13.92137,-2.04435,1.31905,0.40466,0.03937,0.82481,0.61339
12.79894,14.17318,-0.31594,1.35103,0.59167,-0.35682,0.13235,-0.57241
13.00734,13.78839,-1.75923,0.84095,0.45449,-0.96846,-0.49040,-0.74559
12.71330,13.80081,-0.07137,1.12801,1.29240,-0.22769,0.41447,-0.19746
12.76201,13.99034,-0.95939,1.27690,0.54532,-0.15253,-0.73496,0.37831
12.84434,13.47569,-2.20774,1.07995,0.47915,-0.49879,0.32732,0.76890
12.95839,14.06415,-0.83434,0.90790,0.33041,0.16704,0.59458,-0.05871
13.10246,13.46445,-2.68198,0.89534,0.37848,0.70229,-0.29553,0.03581
13.13808,13.40782,-1.06353,0.83748,0.85976,-0.87606,-0.05494,-0.98110
12.73468,14.07341,-0.75618,1.02291,0.96642,0.97729,-0.89886,-0.06024
12.83011,13.94375,-1.06849,1.34760,0.38570,0.08484,0.36693,-0.22731
12.66879,13.41417,-2.46062,1.23202,1.03902,0.18381,0.80369,-0.89686
12.52664,13.91177,-1.29077,1.17730,0.14613,-0.36509,-0.88429,-0.96739
13.05894,13.62831,-2.88199,0.99517,0.77511,0.74417,-0.86918,0.19003
12.90511,13.22739,-2.99814,0.97378,1.07078,0.69368,-0.33078,-0.35088
13.01196,13.68886,-2.03580,0.85991,0.81693,-0.06532,0.64517,-0.26374
12.86660,13.25612,-1.71070,1.39119,1.06795,-0.84511,-0.94423,-0.26531
12.89485,13.80899,-2.64826,0.87027,0.42001,-0.53044,-0.88711,0.13470
13.28583,14.01920,-0.61716,1.02782,0.75627,-0.68881,-0.05469,0.73048
13.25462,13.30264,-1.88900,1.37072,0.65586,0.41439,-0.02717,-0.18863
12.46742,13.60577,-0.07934,1.08205,0.98524,-0.04999,0.47564,0.35956
12.58733,13.81270,-0.32469,1.23512,0.48645,-0.02664,0.31771,0.68167
12.86103,13.58570,-0.61084,1.26126,0.79117,0.93050,0.60815,0.38802
12.57436,13.72938,-1.07496,1.20409,0.17990,-0.98989,-0.04326,-0.97362
12.60766,13.26434,-1.52220,0.75006,0.33896,0.70224,0.33480,0.96475
12.72497,13.83421,-1.02509,0.77793,0.55419,0.42852,0.58771,0.40809
13.24304,14.02944,-1.37910,0.98458,0.62651,0.20473,-0.97990,-0.41676
12.79783,13.49803,-0.32538,0.82850,0.30293,0.75984,0.53922,-0.74188
13.27438,13.77232,-2.37788,1.16866,0.77071,0.68860,-0.20873,0.70854
13.06917,14.02053,-0.74595,1.29472,1.31198,-0.88520,-0.30622,0.85012
12.40469,13.65636,-1.18337,0.85371,1.11650,0.87354,-0.70022,0.28103
13.12716,13.81699,-1.39489,1.41659,0.79082,-0.97138,-0.01068,-0.04477
12.83488,13.56517,-2.08298,1.00354,0.36424,-0.69752,0.81559,-0.89182
12.47198,13.81200,-1.23036,1.36592,1.48946,0.78591,-0.84353,-0.35405
13.03163,13.91183,-0.80567,1.41781,1.07958,-0.01107,-0.18172,0.91775
13.12723,13.22390,-2.30200,1.00199,0.16512,0.68548,0.48547,-0.17867
13.24992,13.91537,-0.16159,1.11662,0.79128,-0.14877,-0.78334,0.39853
13.03728,14.26763,-2.00335,0.99406,0.07364,-0.71925,0.21281,0.02836
12.86904,13.67810,-2.54786,1.23103,1.17681,0.67476,-0.11034,0.62003
12.58744,13.78522,-1.64618,1.14109,0.56320,-0.12124,0.28062,0.03149
12.94089,13.99895,-1.24891,1.23152,0.86696,0.96439,-0.02667,0.87953
12.87721,13.86399,-1.91040,0.82303,0.61824,-0.52508,-0.34198,-0.16324
12.73593,13.52063,-0.35542,1.18209,0.75032,-0.72178,0.11399,0.45568
12.66858,13.76946,-0.94060,1.38032,0.94531,0.56625,0.66670,-0.63290
13.15959,13.65310,-1.77032,0.88228,0.69150,-0.76959,-0.01972,-0.33495
13.21622,13.79039,-2.63025,1.31980,1.39946,-0.64454,-0.02185,-0.12299
13.03832,14.34569,-0.03874,0.98641,0.00176,-0.56019,0.77000,-0.88995
13.10237,14.39269,-1.90576,1.14805,0.43618,-0.72686,-0.42055,0.40851
12.44010,13.40072,-2.32447,1.30240,0.41686,-0.54706,0.28726,-0.06384
12.91032,13.84509,-0.96495,0.88875,0.87516,0.14157,-0.76727,-0.21593
12.46412,14.30738,-2.94322,1.19196,0.77753,-0.64765,-0.56686,0.67109
12.90298,13.85812,-0.87899,1.05698,0.02403,0.68439,-0.78967,0.33118
12.75831,13.32368,-1.20874,1.38597,0.92211,0.07467,-0.92463,0.95920
13.14740,13.90784,-0.45612,1.47559,1.21511,0.53688,-0.34819,0.71419
12.83084,13.63287,-2.86538,0.90157,0.58900,0.94953,-0.47477,-0.03785
12.67815,14.39431,-1.54831,1.22975,1.07178,-0.16277,0.11120,0.48804
12.60227,14.09870,-2.05376,1.32389,1.21464,-0.82467,-0.15660,0.13903
13.22656,13.52858,-2.53671,1.46118,1.05441,0.51702,-0.23605,-0.41238
12.73880,14.15594,-0.66060,1.32335,0.76548,-0.05488,-0.70213,-0.92067
12.85676,13.39282,-2.03535,0.99147,0.13060,0.30746,0.13466,-0.89491
12.88675,14.31910,-1.36667,1.05984,0.77268,-0.70625,-0.89250,0.92462
12.81908,14.28016,-1.05538,0.80843,0.13884,-0.76345,0.17763,-0.76595
12.86235,14.38618,-2.27921,1.11910,0.58968,-0.60225,-0.71538,0.41741
12.89163,13.68575,-2.43390,1.45926,1.11731,-0.73059,-0.49195,-0.65324
13.23251,14.09063,-1.86619,1.01577,0.91160,-0.72195,0.66620,-0.78009
12.45077,13.30045,-1.56402,1.11841,0.91976,-0.23298,-0.99783,0.35701
12.56772,14.39108,-2.50612,0.90206,0.78927,-0.22156,-0.37548,-0.50374
12.95751,13.61677,-1.45423,1.11184,1.04456,-0.18144,-0.78723,-0.20166
12.78659,13.85033,-1.75462,0.88033,1.45369,-0.57584,-0.52110,-0.72753
12.80424,14.19150,-2.44991,0.72179,0.68343,0.96332,0.21000,0.90080
13.29577,13.49054,-1.12653,1.27714,0.46973,0.12589,0.44239,0.16925
12.72415,13.32549,-2.28778,1.06656,0.91541,-0.79996,-0.94339,0.03268
12.75190,13.65230,-0.95698,1.00170,1.33204,-0.98274,-0.65332,0.26886
12.81184,14.28845,-0.16891,1.13369,1.34544,0.41067,0.85472,0.44429
13.03769,13.22904,-0.32487,1.33777,0.85488,-0.67230,0.44545,-0.75791
12.61085,13.49847,-1.35094,1.19913,0.41294,-0.04924,-0.36959,-0.19584
13.02209,14.25189,-1.81561,1.36038,1.16754,0.86698,0.86098,0.88229
13.18403,13.84466,-1.39400,1.43098,0.19038,0.49448,0.12348,0.46531
12.74316,13.47528,-2.54951,0.70782,0.37624,-0.70358,-0.84987,-0.24874
13.29306,13.28703,-1.76833,0.86183,0.19090,-0.42645,0.24543,0.50289
13.03350,13.42216,-0.36954,0.70954,0.62701,0.34860,-0.92605,-0.15929
12.62036,13.20260,-1.03419,1.07969,0.44363,-0.76937,0.77768,-0.78160
13.04152,13.96186,-1.37260,1.09675,0.18793,0.18904,-0.54892,0.34624
12.77813,14.37520,-2.74766,1.27800,1.14043,0.93619,0.73677,-0.03330
13.21295,13.60562,-0.66889,1.26058,0.00612,-0.21057,0.94731,-0.28302
12.81121,14.26359,-2.28957,1.28065,1.46736,-0.40481,-0.91437,-0.68233
12.53000,13.32369,-0.00320,1.40395,0.13102,-0.37693,-0.43092,0.78833
12.98124,13.29488,-1.76130,1.17105,1.46395,0.25035,0.80215,0.07003
13.17390,14.21187,-0.87033,1.15472,1.35487,-0.30050,-0.59064,-0.96547
13.04688,13.93000,-1.68021,1.05998,0.08607,0.00389,-0.20310,-0.38302
12.90257,13.77619,-0.77202,0.74131,1.22983,-0.05222,0.73033,-0.08556
13.04949,13.80075,-0.91211,1.05228,0.54023,0.72744,-0.84125,0.02432
12.87430,13.47066,-0.26952,0.83137,0.32260,0.87097,0.99661,-0.18385
12.88009,14.27601,-0.99960,1.48168,0.92236,0.02699,-0.98498,0.74734
12.45976,14.00546,-2.29486,1.31251,0.51456,0.11467,-0.28391,0.69039
12.95174,14.20678,-2.23395,1.17446,0.10669,0.39429,-0.65298,-0.23684
13.02396,13.58966,-0.90051,0.88147,1.33150,-0.59676,-0.57183,-0.48543
12.97268,13.90710,-0.15036,0.95218,0.39564,-0.23195,0.23530,-0.63319
13.10523,14.06434,-2.07729,0.85405,0.08609,0.72476,0.53449,0.80097
13.29261,13.93033,-2.71778,1.24994,1.46127,-0.10615,-0.05269,0.33614
13.17331,13.96896,-1.37708,1.48887,1.31495,0.09244,-0.45537,0.45616
12.60191,14.01968,-2.86275,0.77839,1.42841,-0.95002,0.77648,-0.67247
12.51279,13.65992,-0.69162,1.49024,0.47888,0.97560,-0.33413,0.43601
12.93069,13.43588,-0.35916,1.00529,1.41703,-0.20694,-0.33266,0.98629
12.65701,13.88195,-1.59277,1.10526,0.58396,-0.97189,0.81861,-0.81610
12.83233,13.93617,-2.91910,1.46321,0.93661,-0.53113,0.85403,0.05233
12.86692,14.09451,-1.82673,1.44325,1.31899,-0.13024,0.48069,0.68888
12.60927,14.25073,-0.88258,0.87394,1.03750,-0.72025,-0.73432,0.44337
12.48153,14.13863,-2.28368,0.93568,0.32103,-0.18358,-0.32084,0.12484
12.83696,13.95532,-2.81418,1.37293,0.70534,-0.53263,0.49131,0.23788
12.72245,13.38976,-1.53598,0.74680,0.19005,-0.44742,0.66774,0.97985
12.96161,13.43538,-0.44473,0.96548,0.03847,0.65849,0.28938,0.69767
12.40846,14.26635,-0.02227,0.95208,0.97001,-0.13919,0.07067,-0.04891
13.28908,13.56682,-1.54919,0.77841,1.39000,-0.80306,-0.57522,0.73507
13.02674,13.25412,-1.99104,0.98739,1.19664,-0.12980,0.93024,0.37883
12.60404,13.64087,-2.80958,1.10813,1.07996,0.11995,-0.80148,-0.70821
12.86677,13.39302,-1.80127,0.82730,0.31674,0.17141,-0.92840,0.37283
12.91520,13.52312,-1.34279,1.17956,0.02096,0.02864,-0.04496,-0.24883
12.40953,14.13308,-2.46605,1.07484,0.90881,-0.01877,-0.65698,0.43040
13.17602,14.05539,-0.53964,0.96668,0.57367,0.34959,-0.86817,0.85634
12.48137,13.89808,-0.08625,0.72452,0.48321,-0.98660,-0.50535,-0.46024
13.07351,13.49945,-2.26593,1.24909,0.64231,0.61588,-0.79806,-0.11260
12.66789,14.38255,-2.69206,0.95556,1.02437,-0.16503,-0.99182,0.44165
13.02823,14.20885,-0.52337,1.09134,0.46981,-0.57565,-0.03147,0.77585
12.62580,14.34493,-0.65132,1.24629,0.76940,0.27255,0.04359,0.09404
12.48133,13.74326,-0.51464,1.09508,0.39742,-0.05376,-0.27187,0.68039
13.08226,14.20947,-2.65734,1.16248,1.42338,0.10676,-0.34257,-0.70822
12.76931,13.53706,-1.95471,0.94261,0.73800,-0.99870,-0.46506,-0.74938
12.91104,13.85025,-0.17926,1.27895,0.51571,0.27318,-0.01736,0.62021
12.89139,13.32836,-0.38810,1.34662,0.58807,0.67798,-0.32462,-0.46508
12.63194,13.31782,-0.38179,1.20983,0.19210,-0.88599,-0.00081,-0.92046
13.24206,13.23245,-2.68751,0.71099,1.32800,0.24606,-0.21610,0.63710
12.97224,13.22600,-1.19007,1.07672,0.93974,-0.78555,0.82052,-0.52215
13.21306,14.04674,-0.26320,0.71842,1.16050,-0.09385,-0.83520,0.77019
12.47712,13.36650,-0.58640,0.91543,1.15943,-0.87525,0.04615,-0.28143
13.26784,14.31638,-1.74886,1.35452,1.44393,-0.35088,0.67523,0.42923
12.97858,13.66841,-2.48391,1.45272,1.47713,-0.25594,-0.69117,0.38342
13.01884,13.93300,-2.74537,0.98664,0.28962,-0.45099,-0.00085,0.22766
